{"HA": [{"eigenvalue": [11889.117023348186, 6950.400156748931, 2618.681401493365, 1916.9914805225371, 1184.8677647245252, 573.3573606145455, 320.4289808898691, 96.4340390149208, 49.455125976457026, -5.944773310050812e-13], "eigenvector": [[-0.04243779537958703, 0.17198478261006964, 0.01176508860702998, -0.10456529824874197, 0.08323200075329908, -0.03375045072854017, 0.3532001681177516, 0.14155418014520948, 0.8142842811318115, 0.3763435333827187], [0.27660330885648626, -0.3082076491810506, 0.011615299466291343, -0.31134198479618647, 0.0859069353584597, -0.2964310911316173, -0.7035080170063175, 0.2194111450189223, 0.16738496975234451, 0.2551391891802985], [0.587739411837484, -0.12594456747923005, -0.497124232901114, -0.14061604210387427, 0.27811021915740386, -0.13735094348375965, 0.44324838479190254, 0.16039787918419002, -0.22724008668525428, 0.04182980422045489], [0.43915800359878415, 0.34194521089442587, -0.1016307809850432, 0.7273593374539461, -0.15014395322194907, 0.000827762118563249, -0.24736212093702387, 0.18374626537108885, 0.16863064554746948, -0.07001716780292135], [0.07883704684941945, 0.513866233444312, 0.06904651187234755, -0.3131533343997045, -0.44049833285902934, -0.6340120943923726, 0.07839953354012258, -0.06196775117575132, -0.10346084001785028, -0.10096054166233208], [0.15873210538345284, 0.1403081754711248, 0.19243994547797544, -0.33863540959337296, -0.32807101798228105, 0.5222957506261007, 0.035532827242125774, 0.6355601910785927, -0.09514887214490145, -0.093458928103884], [0.3231953180787346, 0.08429229801665686, 0.7758167595657485, 0.09318765389348073, 0.31811893395500557, -0.05803175527299973, 0.15712555219765167, -0.07162965428312902, -0.22994327749869645, 0.30100417514059863], [0.49188466079017124, -0.08409053144066195, 0.049504570352778776, -0.23014100698466577, -0.2731512773375471, 0.34230060143826824, -0.03925887976483748, -0.6457946973307067, 0.252328065409775, -0.14669646222459784], [0.03693098415708129, -0.6552012944029845, 0.18127522267478022, 0.25812439228044076, -0.5513652491171945, -0.24239052178680487, 0.2932472893640834, 0.12990528280162394, 0.046198854262172476, 0.04580355483441763], [0.0648959376705023, -0.12422030050344161, 0.25151887055491223, -0.047872899709150346, 0.3229855156839735, -0.19511230111170558, 0.05510191983970141, 0.1596785965547892, 0.3006890069575392, -0.808373966296128]], "name": "KA.HA1.29.tiff"}, {"eigenvalue": [11479.452869477562, 7069.197529056566, 3271.4536222215015, 1725.35390360788, 1280.5940680942979, 730.6670411703371, 166.36400358899797, 26.224074187451897, 3.959555262063164, -2.609760199760177e-13], "eigenvector": [[-0.0821310008179739, 0.06793709931121565, 0.4215137988794243, -0.12277576244542639, 0.2191449622575876, -0.4746449016112966, 0.40530386147604985, -0.43892369121367686, 0.3214413221557359, 0.24965822882143404], [0.34913912978778683, -0.06356437519067898, -0.3138553256504042, 0.3435425302154374, -0.45421545281448955, -0.5108369964909032, 0.38138994597956766, 0.030877946544562385, -0.09172688166773321, -0.18826345607894177], [0.6104871969147694, -0.044211198240434, -0.38584629373519547, -0.1726344310488624, 0.6156480637967622, -0.10888349802208286, -0.11161684445702988, 0.006035457700996005, 0.20434118956153602, -0.03927492984952529], [0.4090600514216627, -0.2798423165518103, 0.1944726085177051, -0.5848589341578638, -0.48504903070787264, 0.01594844119152826, -0.2499004458243278, -0.2626689506019951, -0.05565281589536082, 0.06640197701988802], [-0.016407940518370925, -0.5105419519052734, 0.08825316821747554, 0.547903754324516, 0.06640990391496052, -0.1973838186713612, -0.5248351214496274, -0.21347864113916154, 0.031719022597158746, 0.25629820638058903], [0.05460271098885949, -0.32505633527955125, 0.1963757199495312, 0.056040166479283615, 0.3057974214588313, 0.1709695298339919, 0.26811809758413374, -0.3492493460172901, -0.5751874061683765, -0.44967475350490976], [0.2971615598368384, -0.048902778945958555, 0.6605064634492992, 0.08195130148594655, 0.08781859143063755, -0.1500874986160106, -0.03311998139379793, 0.6412923415542446, 0.006889516659908425, -0.15388337567140747], [0.3893768251521167, -0.03395304788499388, 0.12856034769469463, 0.35284273626512164, -0.11754933459883316, 0.6376051594283658, 0.34423883754150186, -0.12155246295592861, 0.3030907178284372, 0.2463931246782346], [0.26620677907318924, 0.7299567309887282, 0.18964889891542447, 0.2421424250265484, -0.03839200807552259, -0.036139783398330155, -0.3586194530272674, -0.34425648343915605, -0.188522706910573, -0.12749973754344648], [0.1315127107758249, 0.0915529488065299, -0.04481844328636601, -0.04308168788847676, 0.10218841243445323, -0.05553538469376949, 0.1407746237798429, 0.15896386525163078, -0.619766237881753, 0.7264529540280874]], "name": "KA.HA2.30.tiff"}, {"eigenvalue": [12552.269677588272, 6426.551413387504, 2351.9949121643012, 2291.9283043473333, 1203.0835137410638, 842.648841230439, 215.70520373350666, 42.590475516024405, 20.294324958216926, 8.788830853193778e-13], "eigenvector": [[-0.0858463826848285, 0.09564205344633335, 0.06766060864604248, 0.1157516756550577, 0.031761849485580924, -0.3017495632637935, 0.010090804995085788, -0.828460226510448, -0.133579018945516, 0.4112826865343578], [0.2580268963961929, 0.005354366482725914, 0.17663086670319741, -0.6052079915432882, -0.35894806324731715, 0.561387161057834, 0.06984920841211506, -0.291651145667515, -0.026646707172373656, 0.035632414987696356], [0.5603022725038282, -0.08776816794647008, 0.28247162069195914, -0.19007772046580995, 0.6624231495525122, -0.16161069144354528, 0.280244649666438, 0.003604157953115472, -0.12168950588716418, -0.06447884685954365], [0.4093870868583971, 0.1539332183162619, 0.33437554263931796, 0.33287866148233886, -0.19863191061813845, 0.0129162138932426, -0.04947124309934027, 0.12363693042097243, 0.6212803649871211, 0.37781916276624694], [0.049394765306029875, 0.438685242352294, -0.420821175836314, -0.08626982354669417, 0.0006143226552101713, -0.11189230693168634, 0.4473599826906933, -0.22233146773517692, 0.45238755400506864, -0.392231399043768], [0.14368159634764924, 0.4593175007403279, -0.29505991467398435, -0.36099801095204415, -0.11122529004198459, -0.29553460011374777, -0.0015403231692180171, 0.35912761327569465, -0.26318055386027406, 0.503043070793962], [0.4465635710555276, 0.03272436790458648, -0.0003214755046157536, 0.42032037311553305, -0.49117095339346817, -0.10895173563056412, 0.22350146059967618, -0.016791237811678142, -0.4941343185066302, -0.2744409115111835], [0.38224767496734724, 0.22561535511211697, -0.3365933250588846, 0.09908686825168458, 0.2105360560562406, 0.17840471788569168, -0.7338583030595814, -0.17800571506556517, -0.02927784039631072, -0.180627358996955], [0.2298351551431158, -0.582391525117948, -0.6285535994922661, 0.10204859234305141, 0.029012113523694538, 0.16763464629267677, 0.20986662131502473, -0.028875219134290198, 0.09422073184688068, 0.3461271003496633], [0.15190571199466207, -0.40602324043814586, 0.010037251545417767, -0.3724563174201998, -0.30512444379932513, -0.6291630356163609, -0.2852307116492716, -0.045700099528687976, 0.22984126046011688, -0.21914883873313232]], "name": "KA.HA3.31.tiff"}, {"eigenvalue": [10360.056770589366, 6669.170106117588, 2452.830353289076, 2104.760950221487, 787.5996694972407, 466.12144092765647, 231.37899271753827, 86.41732032573282, 0.031062980981826763, -5.886393250256456e-13], "eigenvector": [[-0.07774784712411087, 0.14120761173396312, 0.010250130335588352, -0.08718952472458523, 0.25355173281974214, -0.11679359849898688, 0.28184560981433143, -0.17705508094310693, 0.6283889440703807, 0.6186446992473583], [0.18986436251260297, -0.2282165314966671, -0.04911119868348546, 0.3780259112235661, 0.11171052635373252, 0.15203293693805586, 0.6496037167025704, 0.5506950140123239, 0.03883127106317594, -0.06482382872315846], [0.5406307523721832, -0.11801307381450427, 0.4646544282761757, 0.5084473235248934, 0.16561663182736577, 0.0959568777650148, -0.327491855278185, -0.22339961795514177, 0.1557916533705228, 0.0360964058852056], [0.4857196299429627, -0.13106178780258432, 0.23257025829388606, -0.4776885482397826, -0.5714904763114812, 0.16755702041546122, 0.2675037357438347, -0.09712908464491715, -0.03087952112549308, 0.16733619618214302], [0.26319015137681673, 0.485699918533433, -0.28456851834160823, 0.13519353286038066, 0.19940867896613998, 0.15659399545252528, 0.3653968237337551, -0.4976970366939092, -0.3867454643400725, -0.022254582031951776], [0.25605124734119644, 0.3850427693717328, 0.020928005675483283, 0.14693267122031994, -0.20225522544553748, -0.7203339595639886, -0.06277795949549697, 0.32757772229874804, -0.19647665585283383, 0.23348047249169868], [0.41901659836719224, -0.20753053084144396, -0.14201660286428033, -0.5149382928513402, 0.6438104958069449, -0.13774415879126567, -0.1289994612330627, 0.17499320573845312, -0.12020750860337183, -0.029107939771202743], [0.33136435886982996, 0.2592264076071172, -0.5923950234588385, 0.034212648893007735, -0.21553754608982453, 0.24820605043319055, -0.299213094972844, 0.19528235197071364, 0.46263202781160334, -0.145403639944937], [0.05693973038969358, -0.6264171261029376, -0.5241797973440179, 0.23374633777400863, -0.1605969404264291, -0.22784706229910612, -0.04725667830410002, -0.2896516680781799, -0.14478139886405333, 0.30026495610910997], [0.07906294209550083, -0.10022641722990369, 0.01442566907340255, -0.044199150353090425, -0.04232352544778935, -0.500065486402251, 0.2718647783825961, -0.31365528709252394, 0.3752064245870542, -0.6454574519375763]], "name": "KA.HA4.32.tiff"}, {"eigenvalue": [13146.658949214478, 6539.918634336869, 2037.976174441145, 1319.438169475597, 854.6140789530708, 225.08496035801352, 159.73877190753606, 38.89092957867726, 5.157109512383611, 1.5613869077599412e-13], "eigenvector": [[-0.1476594277438049, 0.27670040081762254, 0.21285332904654825, -0.4488095054762278, 0.17509234103753482, -0.461248466420547, 0.31501216546708927, -0.4107107835840853, -0.2423391849523325, -0.29128216787255456], [0.11293323393669885, 0.2716379031987475, -0.053030353133159784, -0.11778803828386278, 0.0768362391571353, 0.12046040352392906, -0.6424359274022665, 0.08358696348469502, -0.673659512431736, -0.05320091602286592], [0.4181375354509166, 0.22677015799267547, 0.40500463354921307, -0.23949595381279057, 0.06036918181615254, -0.10093381886930386, 0.2595010106064223, 0.5977921773406584, -0.039393369310967236, 0.3350657525862296], [0.48845026075976417, -0.2974179274355853, 0.44847428796121996, -0.26943804333772803, 0.09290898016137622, 0.2880318019855408, -0.26945706945077896, -0.3652080329332486, 0.2618810574511923, -0.18185919731005648], [0.27789248357385526, -0.4264567271197619, -0.44278655126707045, -0.26983318632713554, 0.07980580762004882, -0.6158207962940339, -0.23892591355225162, 0.13557729955291656, 0.09725133461396873, 0.038880722188144624], [0.2031516043580158, -0.23023384112018755, -0.4016383714112628, -0.3897739973549164, -0.27365629961721255, 0.43566287542283577, 0.4536743318750245, -0.026047561131601282, -0.3438099761625949, -0.05559287501046647], [0.4452258450736599, -0.029208723722054186, -0.1413959261178611, 0.5229235598195096, 0.574883760146519, -0.022001572447244447, 0.2797155726062889, -0.19367799091211607, -0.24647415720836888, -0.0014343067290947253], [0.47329974737819375, 0.3959108711456113, -0.09026589115850626, 0.2541927521985039, -0.6515058884195853, -0.23293847497382675, -0.010320602570627724, -0.23431919262754328, 0.07323924244858179, -0.085929061379489], [0.09085158270580576, 0.5632519733386703, -0.4485610328525433, -0.28495392533023534, 0.3376444677432128, 0.23540848631798975, -0.06596530227025676, -0.03089834993707355, 0.4659775589095274, 0.015010267394269892], [0.0550690605664763, 0.006579894508579924, 0.0015004018576059578, 0.1036598911725691, 0.030831211152669843, 0.01975441083010852, 0.04990790457682388, 0.47028336282853966, 0.08005842206181367, -0.8687744746186761]], "name": "KL.HA1.158.tiff"}, {"eigenvalue": [10801.082307324099, 7545.921973412517, 1997.7679125769037, 998.5735479960707, 496.94860673401536, 245.54194472512364, 108.66022440599416, 65.95312756205558, 37.10591081877773, 4.018630458485162e-13], "eigenvector": [[-0.1318229047639816, 0.28517925405197314, 0.15044199098372654, -0.5796584124537636, -0.17208871848038865, 0.6651256920509204, -0.22535966921294548, -0.07670763409416001, 0.10610360064778324, -0.05218350407386414], [0.19954592601868, 0.21662647901349352, 0.07717392112709168, -0.10849115390735532, -0.1703460659359622, -0.3955745867754697, -0.19833295408382218, -0.7371068917258707, 0.3044398496266027, 0.18623925201950142], [0.48251145202857315, 0.05639733831456792, -0.26620328991961345, -0.45032966350305764, 0.37345116336324413, -0.21309978056402626, -0.25530468108417065, 0.0505188828683692, -0.3605155288976228, -0.32826767936795076], [0.35450658959595, -0.4154121341928442, -0.20517837175806997, -0.3664045346605528, -0.03847223301343391, 0.13167515867051524, 0.6178663991325302, -0.053035846085327354, 0.31076526713968267, 0.1595060811065107], [0.0972571819043537, -0.5102146251468388, 0.4049280223998469, 0.0687487171998614, -0.28093637596026527, 0.1365435708325478, 0.011814488890855221, -0.37549988358172687, -0.44072175275513303, -0.3585863707259762], [0.11216065745831677, -0.24789533156947344, 0.45674800191368575, -0.28733391561951105, -0.2938421423815333, -0.3698289851112982, -0.28859244280309004, 0.5133634389994615, 0.23565268447670645, 0.09649811435403872], [0.4126497044548054, -0.15578151664886275, 0.3399239755174284, 0.29257773858802233, 0.5380590538028442, 0.3581878789812405, -0.2716515179571845, -0.03401454330776166, 0.20371563958266498, 0.26465940004342137], [0.5970656589260519, 0.27349864948279606, -0.20515159292673235, 0.35714743850523417, -0.5524409774263414, 0.20259812022947257, -0.06191366273834871, 0.1868754837000656, 0.02983033551593288, -0.11483461991911867], [0.1723650805622807, 0.5234316719081561, 0.5725862396621902, -0.04271569586281876, 0.13881205932236515, -0.11411330842577472, 0.5494154178053594, 0.06768019164390349, -0.13195471605580356, -0.10241747700908145], [0.07613178453918672, 0.03430297599896928, -0.01931605048061824, -0.11361726867776584, -0.14555407226238445, 0.02438583790303275, -0.005230783972056744, 0.01490582332105835, -0.5999517457117757, 0.773157787762423]], "name": "KL.HA2.159.tiff"}, {"eigenvalue": [13143.332547448339, 7957.159649466393, 2172.0425752230344, 1023.7762678146155, 447.7462230318422, 214.32855776896145, 148.6329586730878, 85.54831795069055, 7.044013734144113, -2.7891115333863447e-14], "eigenvector": [[-0.15052856544852675, 0.2480651697610054, 0.21924682930673972, -0.4230589339529432, -0.17296555829655444, 0.5596805615830522, -0.4924760985152842, 0.2867833610962309, 0.12963683976311668, -0.06335818314928632], [0.0815338529808447, 0.25825330886565, 0.13632538918582687, 0.06652393001124354, -0.39360368792327965, -0.017647645374645776, 0.6063690941215752, 0.6118593441297213, 0.0754729980495413, -0.025702198425405016], [0.355895562232494, 0.36990075857967314, -0.37960582274141197, -0.425601337938475, -0.14787407856049906, -0.5245072692244607, -0.2499991456561014, 0.07960600364956125, -0.16572020001697446, -0.13416484693196118], [0.4916933433791427, -0.14927018226454938, -0.2362890896229613, -0.4134461243820561, 0.21083854279171352, 0.507540416426098, 0.40603309611725097, -0.1380060633850079, -0.15228966730722693, 0.005914410140878656], [0.3718258564627243, -0.4219388288641751, 0.3690086559389422, 0.15087086327469656, -0.3290384115862283, 0.001278854104664412, -0.24035225246289388, 0.12289442253839963, -0.5758038315742993, -0.1099706462729337], [0.31246195972336344, -0.1720114859530075, 0.36682367264275517, -0.22758838403113696, -0.3726830924159502, -0.1701718029072108, 0.04169550690288118, -0.38394668258720155, 0.6045828970121966, 0.06243647544807637], [0.4534045813330943, -0.04347514156616439, 0.20513792004361206, 0.1377767241016964, 0.6006810189459011, -0.11687437910521503, -0.20516996726168307, 0.4515742307032758, 0.3052234764140688, 0.1334823092365731], [0.39907172824581855, 0.4876571449572235, -0.14563575597540368, 0.5915775099368952, -0.16959645204168236, 0.3156514313464077, -0.14806488320803057, -0.2581375574359872, 0.08328962989511808, -0.08868138306739883], [-0.01625015107413874, 0.5118100291034511, 0.6248436375095656, -0.1448204526577252, 0.2866029059819917, -0.10468970268702758, 0.1804104557183781, -0.2909059872473846, -0.3356580946069116, 0.058669837778597696], [0.03583876092564293, 0.05823512723726012, -0.09468471684874394, -0.006609017356459888, -0.17308548698104578, 0.02292643452561381, -0.07967300619436794, 0.01737772942596475, -0.1304122984485447, 0.9654916003102384]], "name": "KL.HA3.160.tiff"}, {"eigenvalue": [23509.43029808061, 6792.887317502729, 3953.128804105443, 1817.3736407088616, 1023.2881890646498, 434.03393838912433, 219.66688646574542, 104.241765155463, 13.98249386069766, 4.132217706929086e-14], "eigenvector": [[-0.17370645792847333, 0.468131235576818, -0.06951162268966335, 0.2816227287630317, -0.18008108897494132, -0.6877052355869836, -0.3683115608127041, 0.13780390787207844, 0.04312171355134337, -0.06830439966443995], [0.06112132274671356, -0.33103796350297476, -0.19133988109724562, -0.4212580793004878, -0.09626331432048593, -0.09880043513923326, -0.16411505218095573, 0.7094039102003622, 0.2570613538028069, -0.23940004533151488], [0.4128874380597452, -0.4324992895260115, 0.27804888348974865, 0.05325312591619291, -0.1249340643146777, -0.23403733592262557, -0.39463858418542686, -0.11538581305018886, 0.09117143506331624, 0.560868547377756], [0.36580057466749416, 0.2783966101971108, -0.004072589920812372, -0.3568757797375085, 0.4271442924890729, -0.39504726144117586, 0.4183222628585664, -0.09766470933079142, 0.3486802287643062, 0.12916640620029396], [0.38150482001144526, 0.21352059223146835, -0.32040241433159866, 0.5423772378351185, 0.10662456015528861, 0.2811876130127583, 0.11387575797658, 0.46496803372568407, 0.05122720695610944, 0.29968282542693875], [0.31706055582259196, 0.2627695838795876, -0.434823237705531, -0.26205902835234884, 0.09608236462199365, 0.27898159870321976, -0.5923973758532844, -0.3320002420243472, 0.05465224426978032, -0.14652759025983977], [0.29838144532136546, 0.31205450162644377, 0.6927218644830706, -0.08190580906449145, 0.19371806648041226, 0.15177233995817033, -0.19870041966669733, 0.28527944955967127, -0.2956207947222352, -0.24124458577325567], [0.47491071217300485, -0.34114243144940015, -0.10044626225911388, 0.35762262204459705, -0.014996380351714786, -0.25145185153986177, 0.1437654320446613, -0.18468960485551567, -0.12122362409305412, -0.6222310051989015], [-0.038574569865110174, -0.13632600237645282, -0.30591084575679406, -0.17174628637220485, 0.3673464100459722, -0.2513483037359903, -0.024622968924912385, 0.11391008562889958, -0.7777293034359932, 0.20071115765491873], [-0.3157073974513657, -0.24439078956410776, 0.07723977453086685, 0.29340545493087206, 0.7529593783064066, 0.011318871305810864, -0.28639261528603943, 0.0037866454820411205, 0.299347724943898, -0.09914215040670815]], "name": "KM.HA1.4.tiff"}, {"eigenvalue": [25261.717646759196, 7721.0810203858155, 4141.176395430004, 2533.4533277127325, 1239.4070947356147, 407.7893780650777, 253.36005215090168, 90.53026695166017, 29.54037336455444, 2.6877165398848294e-12], "eigenvector": [[-0.17547694902775202, 0.3723186407420746, 0.29784725855837507, -0.503605111489664, 0.09750021268731032, -0.2827761843705753, 0.2654635748271126, -0.30576065643799827, 0.3605525908275604, 0.3237719121658402], [0.08138913940870773, -0.2934131899709887, 0.009992988829406024, 0.42716026676504126, 0.33577132009373745, -0.1738831447742691, 0.5509816492897848, -0.38234237922619013, -0.25682370838622776, 0.25693605659592245], [0.5247812479437997, -0.23357101730511398, -0.0001585416871043889, -0.37352766651360364, 0.2442532219579172, -0.43213936276683584, 0.20017054386294056, 0.28514469129033193, 0.025976061449310528, -0.40258131630246446], [0.32399428037727096, 0.15734522408843735, 0.04428308632360396, 0.4013105267313732, -0.3554253978602766, -0.08182880128405706, 0.28251487205367304, 0.448703048351828, 0.43852863345325965, 0.31745779103021843], [0.31139503557292847, 0.3598113327573903, 0.07629761030124806, -0.12724466091554265, -0.4880958793304798, 0.2615921493576011, 0.3919251431600947, -0.25944726569788146, -0.38482282217970354, -0.27546608059114863], [0.22055548375070555, 0.47184241121913334, 0.21743475665474316, 0.3116999050803234, 0.07766439649378525, -0.518500458900303, -0.45256922725073595, -0.08504346856509262, -0.311190250701104, 0.022807012954832864], [0.27147050276760676, 0.22378943051009298, -0.7998949276353403, 0.010835972792767226, 0.08419401192937363, -0.026178802557300672, -0.09647877334551536, -0.3679711893362296, 0.28943948415251247, 0.0035520604744663092], [0.5086496522740002, -0.41208467925784137, 0.18884237740204823, -0.22895583794644625, -0.21176025523165712, 0.13951208525765393, -0.35889915064190075, -0.2664772155999463, -0.017934887261649383, 0.4679029114620917], [-0.06751289307441376, -0.25613566408070104, 0.26631723943112356, 0.27623646797579954, -0.2820736932735026, -0.18116471200210993, -0.0866511345621846, -0.44179495887260845, 0.46824656784782703, -0.4982698046013894], [-0.315635412273362, -0.24160745711125953, -0.3312230734062752, -0.1454308317645442, -0.5621374632310555, -0.5532803240200058, 0.044900073162452814, 0.039266295045757606, -0.25056255478598494, 0.15061266590100325]], "name": "KM.HA2.5.tiff"}, {"eigenvalue": [22122.531973286557, 8423.818480946995, 6244.512829968666, 3384.2903551850254, 1422.038923769905, 648.8665678305931, 200.3624321279835, 124.65837268129036, 72.79784198078899, 7.401386857863165e-13], "eigenvector": [[-0.2454460377703635, 0.32307228260918636, 0.22465695457091425, -0.1201508594708778, 0.19541037867769312, -0.22395986188365447, 0.722541204253884, -0.3006782911823136, 0.203211256693805, 0.16841107200508376], [0.04962116938666239, -0.16949383740532653, -0.2929512948096283, 0.36274758722725137, -0.03961127147960371, 0.08689379828278387, -0.17921718101736617, -0.5441549051442637, 0.4654897322744739, 0.4442743193511327], [0.5078264547201576, 0.03495307623361685, -0.24764220041768178, -0.42509953164485587, -0.12842187414519515, 0.34270011068402184, 0.21341158680333727, -0.469799840408505, -0.13914520333581762, -0.28160429054407143], [0.35759901030379765, -0.3830863644617703, 0.31006718040330716, 0.38023759894836595, 0.27142915902842446, -0.43371633231173085, 0.058537732317374046, -0.2586214067139361, -0.09229484019980644, -0.37951523849254365], [0.25350328584870313, 0.4066955681765535, 0.3031470840444211, 0.11227543473722738, 0.39281898447033575, 0.19600940900633732, -0.25034208776653927, -0.15295378288354672, -0.4569424968684334, 0.42218711734255726], [0.22952337806589698, 0.4018248473792288, 0.2668187132996323, 0.4452069905563876, -0.1423168015736357, 0.4178940895823667, 0.09388850279617732, 0.18974380483284004, 0.41689222591007996, -0.32085493321857456], [0.30544461132241024, -0.49145656207000166, 0.4900886301683489, -0.22958076122865745, -0.17507519896840434, 0.20707861684816634, 0.19585545525944673, 0.22762822924967285, 0.15312766969753783, 0.43026144782331777], [0.514970461760726, 0.16640164369923452, -0.38207159052144385, -0.14772682530945128, 0.38978985567246194, -0.31207284653002426, 0.03701180333601566, 0.4050574740984082, 0.3222740441804312, 0.1438277362001345], [0.059640516873474686, -0.15171508478810736, -0.3912351937713018, 0.48831105758077364, -0.06846333425224727, 0.1657625474997337, 0.5326410716944786, 0.22065597581363466, -0.43122436825407323, 0.1771959339519662], [-0.2693257255961109, -0.31594024686806366, -0.06260633323128811, -0.06996033152309798, 0.712912514520956, 0.5059000193028991, 0.04384384375517252, 0.04379821289902401, 0.13522609636063979, -0.18034873683230418]], "name": "KM.HA3.6.tiff"}, {"eigenvalue": [24920.69315495336, 7607.367748811992, 3140.1265080515227, 2077.8962102731994, 1502.0973094109634, 741.3577036733732, 382.7026541899427, 72.88919349736277, 12.15840602719361, 1.0418835932720086e-13], "eigenvector": [[-0.32867186506656393, 0.26018071572513746, 0.08514287839339119, -0.5555086359731372, 0.4061646743906242, -0.10417168808729493, 0.2900057189835622, -0.06239111119764651, 0.4644105283129782, -0.1701383436124454], [0.24456699833013218, -0.26496607451434595, 0.19715842584609, -0.44311657442523933, -0.570708139517631, -0.030952300704588542, 0.09808894075559721, -0.4518212532516724, 0.20827298423392487, 0.22571856966369902], [0.4483527290625574, -0.3093432912947025, -0.11902112662267254, 0.12362915778617906, 0.13063523349696607, -0.38841005781895793, -0.28243459911625624, 0.19811363643430152, 0.57521495866104, -0.23668092361517004], [0.31014667983465527, 0.39724098557050624, -0.5518178268896621, -0.31660828922717343, -0.09203690976764614, -0.3388050576937182, -0.051943860870650164, -0.15727884816220772, -0.35689341678183173, -0.2513912128693332], [0.24558192981220278, 0.472875093947174, 0.12174080449502579, 0.4833023588285801, 0.09743536293713599, -0.2725213313216014, 0.3295523944327231, -0.32686698391922503, 0.199939883084945, 0.35845833658738857], [0.21195807573609105, 0.5452959098389327, 0.21354702501960104, 0.021843314919026885, -0.40497315818125645, 0.4241367969350016, -0.10215077611320413, 0.2848895615136099, 0.26305837115691444, -0.3270395254775037], [0.20465453601278213, -0.12050528038142276, -0.6325543017286185, -0.010710687545918723, 0.09525179992714884, 0.5426548338660384, 0.3429818246622236, 0.06612931157658487, 0.23890664359174224, 0.2464186650164089], [0.5389602217690611, -0.17396550898764598, 0.3704999781942905, -0.06574188401415959, 0.3960822287786441, 0.2346726738439853, 0.30494363186876194, -0.14319222583486135, -0.2993716255994977, -0.3501360502766475], [0.07107867426103984, -0.07901067808157644, 0.08402968200535042, -0.09482214679308645, -0.24133607658348138, -0.34054638416211347, 0.579376399892072, 0.6585734186639497, -0.13461641083924858, 0.10450084984130034], [-0.30380942703683755, -0.19135989680307172, -0.17415792089920284, 0.3633822027106174, -0.29341450504836664, -0.05349489205178787, 0.3980754326047446, -0.28527025911831916, 0.09329024334503007, -0.6092648026495872]], "name": "KM.HA4.7.tiff"}, {"eigenvalue": [7486.024794558619, 7236.705945036094, 2570.972019711287, 756.8474079194697, 537.5646609503617, 210.52036831471577, 181.36432103450164, 12.004925108588042, 6.962224033031803, 1.1726162581937806e-13], "eigenvector": [[-0.10224699198792475, 0.11209967912635432, 0.001725984411706758, -0.053973560610601615, 0.5408944096095867, -0.1067046252606231, -0.0029173093265198423, -0.3968102222085495, -0.7103327103351263, -0.08983890242066399], [0.3071489107823854, 0.1501052498604376, -0.26513688875291036, -0.7450515203109955, 0.1843891219467958, -0.24530604475941323, 0.019314390303969132, 0.11324357985481, 0.10204665497066406, 0.3740902900966089], [-0.005976763583814104, -0.5731503293599935, -0.3429856672547726, 0.1467165729183741, -0.21773358512712154, -0.6408332323815807, -0.19788623430973015, 0.019518836143796937, -0.184448390437102, 0.025724624292955522], [-0.33355348027342707, -0.35481825906443654, -0.157654937252083, 0.21211002093658846, 0.6344608049772407, 0.15039868204083362, 0.11207940954631286, 0.23294927756816244, 0.25918489353752827, 0.3658361559447921], [-0.6555328213287874, 0.058902077625726745, -0.032447366349564744, -0.2859432419117265, -0.22119887458386114, -0.18785136055446666, 0.6007732293571463, 0.12018912522352725, -0.06665544150806216, -0.14126915317189487], [-0.5427985373471818, -0.06773893785567062, -0.05513082550924185, -0.3462504229863259, -0.1445798209262173, 0.24939271998852514, -0.6653309336906645, -0.21170725239514454, 0.059314948320453705, 0.06122819835191948], [0.16453457910368535, -0.6607432822316723, 0.574474124356663, -0.37758745852332254, 0.03992616848668716, 0.13633881127704214, 0.1419781367927859, -0.09519919498294502, -0.020422286558799026, -0.11804135141604785], [0.17881929924509293, -0.24976874895454126, -0.6708908603456921, -0.10871444405009081, -0.07688907855324778, 0.52100345340189, 0.21495885427636494, -0.14510314577083389, -0.07654196931595365, -0.3053660419137121], [-0.012574694579775897, 0.00800294298320283, -0.03534344217497507, 0.08029523371697067, 0.010967041505758285, -0.1952749745312303, 0.20857672230364185, -0.8185594411934181, 0.47636154300068745, 0.11560548134073914], [-0.01875710256235999, 0.058451692684494544, -0.04181793345217708, -0.11391811241664972, 0.38213464923990115, -0.2636323652882812, -0.1855656594743443, 0.12509369826237807, 0.3777017733376578, -0.7571227798384382]], "name": "KR.HA1.74.tiff"}, {"eigenvalue": [8387.27811485811, 3262.5037851370193, 2766.6430677027247, 1204.4069331957842, 513.7071899781246, 270.7757013124424, 120.75627206565761, 62.29815875837225, 6.908554769538291, -9.311645759312394e-14], "eigenvector": [[-0.10851818019716179, -0.008187774164021435, 0.18027966246170543, -0.07857699557402609, 0.289671186649225, -0.003221891902400178, 0.13244370412686063, 0.17564603157218936, 0.7680551331710664, -0.4767182986499063], [-0.04878537079128531, 0.45301068980111353, -0.2776124788871727, -0.3964827090374685, 0.5287788683060992, 0.3102891839114852, 0.030972707495809465, -0.10789020229480781, -0.31841900459959904, -0.2612610561345409], [0.5786240252576134, -0.08790687643254036, -0.022625119855578038, -0.14467584896962582, 0.31614296744734105, -0.5126393485915074, 0.37062288977766883, 0.3315283713868774, -0.13590444947467412, 0.08680862115973771], [0.24014485073515796, -0.40532409014814874, 0.49794792883202904, -0.5795062317733732, -0.040390495362249895, 0.129184931699609, -0.34227408420724065, -0.1398173028822835, -0.13165737529946775, -0.14801685731333133], [-0.15079205862215178, -0.43176901365007503, 0.06771916395312406, 0.45839849608361993, 0.6733215297493866, 0.015137889582605743, -0.3058103840148764, -0.0038489482348798634, -0.16130495645599766, 0.05456257924364058], [-0.06070750318022397, -0.351694995680394, 0.15852094516216633, 0.1280717418733755, -0.05356357530402969, 0.4326125466574834, 0.7472343783758145, -0.08545373768647173, -0.22310344269215301, -0.16010806404491593], [0.575836275020722, 0.43493122879370716, 0.41664015404880334, 0.41442210085254216, 0.05538231146042508, 0.31999023422334627, -0.07753651852856126, -0.12976108075682194, 0.07020456057319581, 0.025946761231695793], [0.481701487278269, -0.3488035568803032, -0.6586381082978265, 0.03934636687081128, -0.07123236054510812, 0.26489562137486033, -0.12501807708312512, -0.21132563611855387, 0.24918559015013636, -0.11542192055296008], [0.0005865117016146636, 0.04099249634768075, 0.03959217839416876, 0.13797939507879028, -0.012066748364665777, -0.5120535241776778, 0.0886825049313605, -0.7376683110879345, -0.08420353772459664, -0.39529690047161553], [-0.05762596520512721, -0.008700996347905034, 0.05736747783076686, -0.24699162588260393, 0.2653072728462298, 0.04557817884035163, 0.21354450659867374, -0.46376727050482763, 0.3506995245422647, 0.6900513289692949]], "name": "KR.HA2.75.tiff"}, {"eigenvalue": [9916.335281639072, 5689.471093803461, 3433.368178997298, 2167.1711032732355, 1095.076492037964, 343.16660534404974, 42.365640542888436, 28.72561802943571, 9.431097443703475, 1.7154765471745485e-13], "eigenvector": [[-0.04867124381609794, 0.024146050241121507, 0.08912323096090605, -0.054207686058087026, 0.14873277061876747, -0.20551860997227503, 0.21464004429808384, 0.33179518215051457, 0.672391682216124, 0.5599449551782629], [0.14429062279530047, -0.24248460068113756, 0.0975513714295484, 0.16705155384256803, -0.0066136284461479344, 0.9069937787090074, 0.10720426415062437, 0.1651905404789223, 0.08070691505503412, 0.12240593590708089], [-0.38314452133676996, -0.376544385632148, -0.30078409398886363, 0.13299219491565756, -0.19384785895052806, -0.070676735594521, -0.14196480313973703, 0.5280034950089725, 0.22504362645791434, -0.4594541142027293], [-0.3733579578276056, 0.04500385653002156, 0.17267685776746053, 0.10882559771462852, -0.10835253826597017, -0.01700525002359493, 0.865340708748174, -0.10737740597123079, -0.0871622131131628, -0.19221609791092992], [-0.08336930493750921, 0.0702572174617232, 0.6685375557626332, 0.22845770691465633, 0.5645156529120766, -0.05558653286680715, -0.1729218971355814, 0.22308651823743147, -0.03040798349676506, -0.2943061118418788], [-0.26233985387110487, 0.427448575929302, 0.2736792188145641, -0.6719735258615878, -0.2953948052926193, 0.24484994778456837, -0.13861697378835672, 0.165575342143727, 0.093841327125915, -0.13918024208958943], [-0.3039180314035576, -0.18010720242586933, 0.45299181354431856, 0.3533644478415284, -0.5528561901055791, -0.07418197705705724, -0.29638005089110464, -0.2710961130217318, 0.06261001739330849, 0.2621450470402767], [-0.5501070775644572, -0.4564147926611166, -0.07773191397722426, -0.3736723224149926, 0.422374829561745, 0.09130115190809523, -0.09587427900799836, -0.2935773335036375, -0.11559355834233852, 0.21889881092485325], [0.46640089508856614, -0.6043215935411933, 0.353757581618344, -0.4123665395489463, -0.16649357068074216, -0.1986108081052989, 0.15591169351614817, 0.0013323669090994777, 0.04235840727422812, -0.16971799825197778], [-0.04826008518581315, -0.05657868698913649, 0.06341429502043187, -0.03661183852373168, -0.10397582341320512, -0.11624770162553758, 0.05486559519901133, 0.5791727957990586, -0.6740378138744302, 0.4147350737192149]], "name": "MK.HA1.116.tiff"}, {"eigenvalue": [10088.339181636831, 6426.725696840066, 2642.4261982268617, 1060.3286391891409, 239.165849195203, 183.77810454355534, 50.573367608973726, 22.679999178735034, 0.5829635806318894, -3.526525814702964e-13], "eigenvector": [[-0.07930605627386422, 0.06578121066281657, 0.07193157739691891, -0.2332882418586525, 0.09386703416637861, -0.2034031677984515, 0.0269075866569733, -0.18782361999029012, -0.651265017695729, -0.647652764721881], [0.19590736814306864, -0.14575362097488642, -0.018527206747450037, 0.1982206051690763, -0.6663824474915585, -0.39706622864356617, 0.15780989201133114, 0.3720112177327494, 0.1501265763806994, -0.33642245176417945], [-0.29306081329999867, -0.4122314917466037, -0.26124610321139696, 0.13042368743876487, 0.14089128571695622, 0.10607084974599432, 0.7880553926291803, -0.008105045447330098, -0.0794775295781583, 0.020140540056104238], [-0.45347449142435714, 0.020875744024302534, 0.10753083694299576, 0.22600937978526878, 0.4199041543440893, -0.05559114753262093, -0.2053829913830576, 0.6711952660352223, 0.08917063755213385, -0.22635245277189023], [-0.18625968144321087, 0.43145153890489985, 0.20260275382128962, -0.16240527767912927, -0.37129073476077346, 0.6786064265355397, 0.23015538285402556, 0.1919037225029964, -0.012291459672547054, -0.15303738029860686], [-0.20848696716647178, 0.33485375561430875, 0.43222344521254136, -0.37775675639674355, 0.0630014466070058, -0.5237206285990842, 0.3763902989065289, -0.007183656229461405, 0.19689639497565925, 0.2369534591453699], [-0.3561160654068722, 0.032491648883014076, 0.4310747267861047, 0.6776545155977323, -0.20596404257946616, -0.049000144597887776, -0.06360528019761552, -0.37843322135735447, -0.15721793633376582, 0.10142762405291486], [-0.57518203021403, -0.4686023917742407, -0.030063814780662446, -0.44416172351993316, -0.35524314083971853, 0.002780999472721757, -0.3310643223515158, -0.07349144153413115, 0.04328072936090792, 0.09116325369568656], [0.354631562642948, -0.5306311770918042, 0.7028953650278466, -0.11234743609283655, 0.1227597941802859, 0.2055445086411681, 0.05096788810896205, 0.14670227595161373, -0.06739542043156524, 0.0017971974792821421], [-0.04723397428465526, -0.05972680991248286, 0.07755033068045554, -0.0013202774728630646, 0.1594952204151128, 0.08471651806893485, 0.01644519909519297, -0.410789810417153, 0.6848326024739115, -0.5635209338025337]], "name": "MK.HA2.117.tiff"}, {"eigenvalue": [8574.579674668043, 6722.856327271461, 3863.0231991942255, 1855.1556484091363, 967.3936012413886, 262.65434617580814, 227.17377654419298, 99.5324272324049, 31.842110374441475, -8.978614558230377e-14], "eigenvector": [[-0.049042907118165655, 0.16093906593659713, 0.0443593428895335, -0.03689403956528645, 0.01310794652972427, 0.8349837154195584, -0.07176782115408861, 0.3585905987520077, 0.2915135205996461, -0.22864141187198256], [-0.0373254417314256, 0.06926418365328013, -0.05994118885669343, -0.3931430971899546, -0.763156714894782, 0.019761012632946093, 0.35020030510520517, 0.16132516468746216, -0.30424216960707434, -0.10782770487691894], [0.49088030371252345, 0.36056285256314236, -0.08579557959246112, 0.1350581581572983, -0.04226588320555738, 0.22640048422214862, 0.16997608900495198, -0.6669174277757651, -0.07891959989137126, -0.26549341898724355], [0.3376931498483786, -0.06706891668098988, 0.17234584281015913, -0.45999094550680086, 0.20501068204657308, -0.34423680302455584, 0.0834168355989368, 0.1710832789545903, 0.3538113023089435, -0.5641202768275763], [0.05553873225192907, -0.38606489450041825, -0.4374665073220614, 0.40396738484650485, 0.0645033854798841, 0.00698525770454167, -0.0036556259892029097, 0.22724451555884906, -0.38497679297894377, -0.5378035963593725], [0.14388397051689164, -0.4144880447902792, -0.5063633973651945, 0.026232124783573507, -0.1792494737486302, 0.05178818008921163, 0.29297279554349587, -0.11276306844027079, 0.5970356953545198, 0.24615537714244096], [0.28562033836126566, -0.2732462808720657, -0.26351384532133115, -0.5761062991709636, 0.14168041722533728, 0.2298162231280291, -0.46623306155495703, -0.11475922175151719, -0.31146999647655654, 0.20487590213706444], [0.6655822884215421, 0.2896736415225827, -0.06453677256936763, 0.22146989374929438, -0.030734586829901704, -0.11548210915473472, -0.003008979265735909, 0.5320027540252324, -0.06300114147074269, 0.34436845015171375], [-0.2595382391690183, 0.5622700053625016, -0.6051144596998883, -0.09301010034840122, -0.05838375680722485, -0.24057481611371634, -0.35747957754418636, 0.034057050399630584, 0.18376935551563428, -0.13292984276373757], [-0.15961034723557252, 0.19806294482225148, -0.2642469400351254, -0.24651354121907823, 0.5593626252470111, 0.07679111949517767, 0.6366619937784981, 0.09811502693946755, -0.22722939385927385, 0.13899123280923675]], "name": "MK.HA3.118.tiff"}, {"eigenvalue": [12086.406710819196, 5783.307379061964, 1607.7115782101894, 1375.7254551147655, 1191.71066962529, 573.1269851206057, 115.76403631912035, 11.30558409994408, 6.286046073374333, -5.988732571134085e-13], "eigenvector": [[-0.03498746172469376, 0.10885598133925442, 0.10238900279632783, -0.1545901339890041, 0.0186100034157619, -0.105550041722012, 0.0931797376004533, 0.6958431273825182, 0.4408193609451789, -0.5038409089036192], [0.03822371524265933, -0.3099102889301816, 0.019912396573502245, 0.05051273469676876, 0.13859236133666653, 0.06186583612636837, 0.10243634001093865, -0.5044956073893766, 0.7771585655508412, -0.08675735452900629], [-0.3579679235427403, -0.1904460467554292, 0.46104030389337003, 0.12587841951555434, 0.07403434921653143, 0.45724432256195563, 0.5227140533377497, 0.1969082228527681, -0.03758944722787043, 0.2814542218019372], [-0.34225306066692657, -0.054911905717928366, -0.31026408555770313, -0.08358816886590656, -0.34101068081961267, 0.17858801788161585, -0.4210245411958732, 0.2668597242541647, 0.3409668407745902, 0.513498405570343], [-0.24758496730586238, -0.1949252844880881, 0.23379871854077774, -0.15753183529794482, -0.04338153657830365, -0.8356512829871419, 0.16428209339631097, 0.004290775596194993, 0.028171081123720312, 0.305339231439761], [-0.23274867844161506, 0.16010947166510903, -0.3960220588460054, -0.3923268345188955, 0.7561500753380526, 0.032562355967212867, 0.11978520574621258, 0.01852652129137057, -0.013800911622382117, 0.14742373439255263], [-0.40334003099386784, -0.24698821388565528, -0.3880287173437402, -0.3292838584728748, -0.4224729802544199, 0.06538183719540241, 0.3283887527818771, -0.18835764891338463, -0.18