{"HA": [{"eigenvalue": [11889.117023348186, 6950.400156748931, 2618.681401493365, 1916.9914805225371, 1184.8677647245252, 573.3573606145455, 320.4289808898691, 96.4340390149208, 49.455125976457026, -5.944773310050812e-13], "eigenvector": [[-0.04243779537958703, 0.17198478261006964, 0.01176508860702998, -0.10456529824874197, 0.08323200075329908, -0.03375045072854017, 0.3532001681177516, 0.14155418014520948, 0.8142842811318115, 0.3763435333827187], [0.27660330885648626, -0.3082076491810506, 0.011615299466291343, -0.31134198479618647, 0.0859069353584597, -0.2964310911316173, -0.7035080170063175, 0.2194111450189223, 0.16738496975234451, 0.2551391891802985], [0.587739411837484, -0.12594456747923005, -0.497124232901114, -0.14061604210387427, 0.27811021915740386, -0.13735094348375965, 0.44324838479190254, 0.16039787918419002, -0.22724008668525428, 0.04182980422045489], [0.43915800359878415, 0.34194521089442587, -0.1016307809850432, 0.7273593374539461, -0.15014395322194907, 0.000827762118563249, -0.24736212093702387, 0.18374626537108885, 0.16863064554746948, -0.07001716780292135], [0.07883704684941945, 0.513866233444312, 0.06904651187234755, -0.3131533343997045, -0.44049833285902934, -0.6340120943923726, 0.07839953354012258, -0.06196775117575132, -0.10346084001785028, -0.10096054166233208], [0.15873210538345284, 0.1403081754711248, 0.19243994547797544, -0.33863540959337296, -0.32807101798228105, 0.5222957506261007, 0.035532827242125774, 0.6355601910785927, -0.09514887214490145, -0.093458928103884], [0.3231953180787346, 0.08429229801665686, 0.7758167595657485, 0.09318765389348073, 0.31811893395500557, -0.05803175527299973, 0.15712555219765167, -0.07162965428312902, -0.22994327749869645, 0.30100417514059863], [0.49188466079017124, -0.08409053144066195, 0.049504570352778776, -0.23014100698466577, -0.2731512773375471, 0.34230060143826824, -0.03925887976483748, -0.6457946973307067, 0.252328065409775, -0.14669646222459784], [0.03693098415708129, -0.6552012944029845, 0.18127522267478022, 0.25812439228044076, -0.5513652491171945, -0.24239052178680487, 0.2932472893640834, 0.12990528280162394, 0.046198854262172476, 0.04580355483441763], [0.0648959376705023, -0.12422030050344161, 0.25151887055491223, -0.047872899709150346, 0.3229855156839735, -0.19511230111170558, 0.05510191983970141, 0.1596785965547892, 0.3006890069575392, -0.808373966296128]], "name": "KA.HA1.29.tiff"}, {"eigenvalue": [11479.452869477562, 7069.197529056566, 3271.4536222215015, 1725.35390360788, 1280.5940680942979, 730.6670411703371, 166.36400358899797, 26.224074187451897, 3.959555262063164, -2.609760199760177e-13], "eigenvector": [[-0.0821310008179739, 0.06793709931121565, 0.4215137988794243, -0.12277576244542639, 0.2191449622575876, -0.4746449016112966, 0.40530386147604985, -0.43892369121367686, 0.3214413221557359, 0.24965822882143404], [0.34913912978778683, -0.06356437519067898, -0.3138553256504042, 0.3435425302154374, -0.45421545281448955, -0.5108369964909032, 0.38138994597956766, 0.030877946544562385, -0.09172688166773321, -0.18826345607894177], [0.6104871969147694, -0.044211198240434, -0.38584629373519547, -0.1726344310488624, 0.6156480637967622, -0.10888349802208286, -0.11161684445702988, 0.006035457700996005, 0.20434118956153602, -0.03927492984952529], [0.4090600514216627, -0.2798423165518103, 0.1944726085177051, -0.5848589341578638, -0.48504903070787264, 0.01594844119152826, -0.2499004458243278, -0.2626689506019951, -0.05565281589536082, 0.06640197701988802], [-0.016407940518370925, -0.5105419519052734, 0.08825316821747554, 0.547903754324516, 0.06640990391496052, -0.1973838186713612, -0.5248351214496274, -0.21347864113916154, 0.031719022597158746, 0.25629820638058903], [0.05460271098885949, -0.32505633527955125, 0.1963757199495312, 0.056040166479283615, 0.3057974214588313, 0.1709695298339919, 0.26811809758413374, -0.3492493460172901, -0.5751874061683765, -0.44967475350490976], [0.2971615598368384, -0.048902778945958555, 0.6605064634492992, 0.08195130148594655, 0.08781859143063755, -0.1500874986160106, -0.03311998139379793, 0.6412923415542446, 0.006889516659908425, -0.15388337567140747], [0.3893768251521167, -0.03395304788499388, 0.12856034769469463, 0.35284273626512164, -0.11754933459883316, 0.6376051594283658, 0.34423883754150186, -0.12155246295592861, 0.3030907178284372, 0.2463931246782346], [0.26620677907318924, 0.7299567309887282, 0.18964889891542447, 0.2421424250265484, -0.03839200807552259, -0.036139783398330155, -0.3586194530272674, -0.34425648343915605, -0.188522706910573, -0.12749973754344648], [0.1315127107758249, 0.0915529488065299, -0.04481844328636601, -0.04308168788847676, 0.10218841243445323, -0.05553538469376949, 0.1407746237798429, 0.15896386525163078, -0.619766237881753, 0.7264529540280874]], "name": "KA.HA2.30.tiff"}, {"eigenvalue": [12552.269677588272, 6426.551413387508, 2351.9949121643003, 2291.9283043473324, 1203.0835137410636, 842.64884123044, 215.70520373350635, 42.59047551602251, 20.29432495821636, 8.997483349614579e-13], "eigenvector": [[-0.0858463826848285, 0.09564205344633334, 0.06766060864604428, 0.115751675655057, 0.03176184948558077, -0.3017495632637926, 0.010090804995087188, -0.8284602265104336, -0.1335790189455299, 0.4112826865343825], [0.25802689639619203, 0.005354366482725859, 0.17663086670318806, -0.6052079915432904, -0.3589480632473171, 0.5613871610578349, 0.0698492084121149, -0.2916511456675134, -0.026646707172376036, 0.035632414987704863], [0.5603022725038285, -0.08776816794647, 0.2824716206919574, -0.1900777204658145, 0.6624231495525119, -0.1616106914435456, 0.2802446496664383, 0.003604157953115139, -0.1216895058871636, -0.06447884685954502], [0.4093870868583973, 0.1539332183162617, 0.33437554263932245, 0.3328786614823344, -0.19863191061813834, 0.012916213893242684, -0.04947124309934131, 0.12363693042097873, 0.6212803649871166, 0.37781916276625255], [0.0493947653060301, 0.4386852423522939, -0.4208211758363153, -0.08626982354668797, 0.0006143226552103032, -0.11189230693168659, 0.4473599826906941, -0.22233146773519236, 0.4523875540050726, -0.39223139904375337], [0.14368159634764938, 0.45931750074032784, -0.2950599146739891, -0.3609980109520399, -0.11122529004198589, -0.295534600113747, -0.0015403231692193847, 0.35912761327571285, -0.2631805538602786, 0.5030430707939467], [0.4465635710555278, 0.03272436790458627, -0.00032147550460991624, 0.4203203731155333, -0.4911709533934683, -0.10895173563056326, 0.2235014605996766, -0.016791237811682194, -0.49413431850662604, -0.2744409115111902], [0.38224767496734724, 0.22561535511211694, -0.3365933250588834, 0.09908686825168933, 0.21053605605624176, 0.17840471788569076, -0.7338583030595802, -0.17800571506557228, -0.029277840396309512, -0.1806273589969508], [0.22983515514311548, -0.5823915251179482, -0.6285535994922653, 0.10204859234306024, 0.029012113523695038, 0.1676346462926766, 0.20986662131502398, -0.028875219134279206, 0.09422073184687527, 0.34612710034966576], [0.15190571199466193, -0.4060232404381458, 0.010037251545413328, -0.3724563174201996, -0.305124443799326, -0.6291630356163606, -0.285230711649271, -0.04570009952869811, 0.22984126046011946, -0.21914883873312732]], "name": "KA.HA3.31.tiff"}, {"eigenvalue": [10360.05677058936, 6669.170106117587, 2452.8303532890723, 2104.7609502214877, 787.5996694972416, 466.1214409276563, 231.37899271753864, 86.4173203257331, 0.03106298098278232, 5.373878275236814e-13], "eigenvector": [[-0.07774784712411105, 0.14120761173396304, 0.010250130335588564, -0.08718952472458519, 0.2535517328197423, -0.11679359849898682, 0.2818456098143325, -0.17705508094311143, 0.6283889440881798, 0.6186446992292763], [0.18986436251260308, -0.22821653149666632, -0.04911119868348593, 0.3780259112235659, 0.11171052635373144, 0.15203293693805695, 0.6496037167025721, 0.5506950140123219, 0.0388312710613114, -0.06482382872427467], [0.5406307523721832, -0.11801307381450388, 0.46465442827617476, 0.5084473235248942, 0.16561663182736625, 0.09595687776501478, -0.32749185527818503, -0.2233996179551417, 0.15579165337156115, 0.03609640588072231], [0.4857196299429627, -0.13106178780258346, 0.23257025829388717, -0.4776885482397826, -0.5714904763114808, 0.16755702041546056, 0.26750373574383324, -0.0971290846449187, -0.030879521120678453, 0.16733619618303064], [0.26319015137681606, 0.4856999185334328, -0.28456851834160857, 0.13519353286038027, 0.19940867896613923, 0.15659399545252484, 0.3653968237337528, -0.49769703669390875, -0.38674546434071505, -0.02225458202082589], [0.25605124734119594, 0.3850427693717328, 0.02092800567548334, 0.14693267122032025, -0.20225522544553717, -0.7203339595639879, -0.06277795949549553, 0.32757772229874854, -0.19647665584611448, 0.23348047249735315], [0.4190165983671922, -0.20753053084144318, -0.1420166028642798, -0.5149382928513402, 0.6438104958069447, -0.13774415879126528, -0.12899946123306127, 0.17499320573845434, -0.12020750860420919, -0.029107939767743077], [0.3313643588698296, 0.2592264076071174, -0.5923950234588387, 0.03421264889300648, -0.21553754608982426, 0.24820605043319066, -0.29921309497284315, 0.19528235197071336, 0.46263202780742047, -0.1454036399582473], [0.056939730389694576, -0.6264171261029366, -0.5241797973440183, 0.23374633777400772, -0.160596940426429, -0.2278470622991065, -0.047256678304100797, -0.28965166807817966, -0.14478139885541447, 0.30026495611327503], [0.0790629420955009, -0.10022641722990347, 0.014425669073402356, -0.04419915035309035, -0.04232352544778899, -0.500065486402251, 0.2718647783825949, -0.31365528709252316, 0.3752064245684812, -0.6454574519483736]], "name": "KA.HA4.32.tiff"}, {"eigenvalue": [13146.658949214476, 6539.9186343368665, 2037.9761744411483, 1319.4381694756003, 854.6140789530712, 225.08496035801414, 159.7387719075362, 38.89092957867805, 5.157109512383198, 2.934526164004108e-13], "eigenvector": [[-0.14765942774380475, 0.2767004008176231, 0.21285332904654902, -0.4488095054762265, 0.175092341037533, -0.46124846642054906, 0.3150121654670809, -0.4107107835840969, -0.24233918495234186, -0.29128216787253863], [0.1129332339366994, 0.2716379031987466, -0.053030353133159236, -0.1177880382838637, 0.07683623915713497, 0.12046040352393458, -0.6424359274022635, 0.08358696348468717, -0.673659512431742, -0.05320091602282295], [0.41813753545091714, 0.2267701579926754, 0.4050046335492141, -0.2394959538127896, 0.06036918181615223, -0.10093381886930752, 0.259501010606429, 0.5977921773406575, -0.039393369310957806, 0.33506575258622556], [0.48845026075976383, -0.29741792743558537, 0.44847428796122074, -0.26943804333772725, 0.09290898016137532, 0.28803180198554335, -0.26945706945078135, -0.36520803293324255, 0.261881057451188, -0.1818591973100684], [0.27789248357385493, -0.42645672711976185, -0.4427865512670694, -0.2698331863271372, 0.07980580762004846, -0.615820796294032, -0.23892591355225573, 0.13557729955292022, 0.09725133461396807, 0.03888072218813793], [0.2031516043580156, -0.23023384112018752, -0.40163837141126185, -0.38977399735491736, -0.27365629961721344, 0.435662875422832, 0.4536743318750284, -0.0260475611316123, -0.3438099761625971, -0.05559287501044688], [0.4452258450736598, -0.02920872372205452, -0.1413959261178626, 0.5229235598195082, 0.5748837601465198, -0.022001572447246237, 0.2797155726062873, -0.1936779909121235, -0.24647415720836505, -0.0014343067290793834], [0.47329974737819386, 0.3959108711456107, -0.09026589115850804, 0.25419275219850623, -0.651505888419585, -0.23293847497382608, -0.010320602570632775, -0.23431919262754208, 0.07323924244858104, -0.08592906137949125], [0.09085158270580612, 0.56325197333867, -0.4485610328525423, -0.2849539253302373, 0.3376444677432122, 0.23540848631799022, -0.0659653022702559, -0.030898349937063488, 0.46597755890952886, 0.015010267394242181], [0.055069060566476286, 0.006579894508579896, 0.0015004018576055727, 0.10365989117256909, 0.030831211152670096, 0.019754410830108492, 0.049907904576824966, 0.4702833628285338, 0.08005842206175158, -0.8687744746186852]], "name": "KL.HA1.158.tiff"}, {"eigenvalue": [10801.0823073241, 7545.921973412514, 1997.7679125769037, 998.5735479960697, 496.9486067340148, 245.54194472512572, 108.66022440599446, 65.95312756205546, 37.10591081877713, 2.2955643298174047e-13], "eigenvector": [[-0.13182290476398134, 0.2851792540519734, 0.1504419909837259, -0.5796584124537639, -0.1720887184803879, 0.6651256920509215, -0.22535966921293987, -0.07670763409415815, 0.10610360064778301, -0.052183504073861256], [0.1995459260186802, 0.2166264790134933, 0.0771739211270918, -0.10849115390735609, -0.17034606593596166, -0.39557458677546786, -0.19833295408383045, -0.7371068917258671, 0.30443984962660575, 0.1862392520195053], [0.4825114520285731, 0.056397338314567336, -0.26620328991961384, -0.45032966350305625, 0.3734511633632444, -0.21309978056402235, -0.25530468108417, 0.05051888286836603, -0.36051552889762223, -0.32826767936795537], [0.3545065895959496, -0.41541213419284473, -0.20517837175806974, -0.36640453466055317, -0.03847223301343345, 0.1316751586705078, 0.617866399132529, -0.0530358460853253, 0.31076526713968594, 0.1595060811065146], [0.09725718190435309, -0.510214625146839, 0.4049280223998467, 0.06874871719986099, -0.28093637596026544, 0.13654357083254912, 0.01181448889085894, -0.3754998835817322, -0.44072175275512543, -0.3585863707259793], [0.11216065745831633, -0.24789533156947377, 0.4567480019136855, -0.2873339156195116, -0.2938421423815326, -0.3698289851112956, -0.2885924428030947, 0.5133634389994648, 0.23565268447669818, 0.09649811435403849], [0.41264970445480537, -0.15578151664886308, 0.33992397551742853, 0.2925777385880225, 0.5380590538028436, 0.3581878789812422, -0.2716515179571826, -0.03401454330775827, 0.2037156395826606, 0.2646594000434243], [0.5970656589260525, 0.2734986494827957, -0.20515159292673224, 0.3571474385052336, -0.5524409774263414, 0.20259812022947327, -0.06191366273834664, 0.18687548370006563, 0.029830335515932643, -0.11483461991911824], [0.1723650805622813, 0.5234316719081559, 0.5725862396621907, -0.04271569586281886, 0.1388120593223648, -0.11411330842577946, 0.5494154178053592, 0.06768019164390043, -0.1319547160557994, -0.10241747700908324], [0.07613178453918674, 0.03430297599896914, -0.019316050480618213, -0.11361726867776577, -0.14555407226238473, 0.024385837903031227, -0.005230783972051517, 0.014905823321054681, -0.5999517457117839, 0.7731577877624167]], "name": "KL.HA2.159.tiff"}, {"eigenvalue": [13143.332547448339, 7957.159649466393, 2172.0425752230344, 1023.776267814615, 447.7462230318424, 214.3285577689617, 148.63295867308813, 85.54831795069065, 7.044013734144095, -2.4342020179710895e-14], "eigenvector": [[-0.15052856544852672, 0.24806516976100534, 0.2192468293067396, -0.42305893395294286, -0.172965558296555, 0.5596805615830539, -0.49247609851528446, 0.28678336109622776, 0.1296368397631157, -0.0633581831492875], [0.0815338529808447, 0.25825330886565, 0.1363253891858269, 0.06652393001124379, -0.39360368792327943, -0.017647645374646886, 0.606369094121572, 0.6118593441297246, 0.07547299804954256, -0.025702198425405817], [0.35589556223249413, 0.36990075857967325, -0.3796058227414122, -0.4256013379384747, -0.14787407856049897, -0.5245072692244597, -0.2499991456561033, 0.07960600364956052, -0.1657202000169759, -0.13416484693195949], [0.4916933433791427, -0.14927018226454927, -0.23628908962296158, -0.4134461243820558, 0.21083854279171277, 0.5075404164260966, 0.4060330961172537, -0.138006063385006, -0.15228966730722718, 0.005914410140880547], [0.37182585646272426, -0.4219388288641751, 0.36900865593894233, 0.15087086327469656, -0.32903841158622826, 0.0012788541046645785, -0.24035225246289427, 0.12289442253839883, -0.5758038315743006, -0.10997064627292732], [0.31246195972336344, -0.17201148595300744, 0.366823672642755, -0.22758838403113718, -0.37268309241594955, -0.17017180290721096, 0.041695506902882234, -0.38394668258720205, 0.6045828970121973, 0.06243647544806968], [0.4534045813330943, -0.04347514156616439, 0.20513792004361217, 0.13777672410169603, 0.600681018945901, -0.11687437910521366, -0.205169967261686, 0.45157423070327485, 0.30522347641407055, 0.13348230923656965], [0.39907172824581855, 0.4876571449572234, -0.1456357559754034, 0.5915775099368955, -0.1695964520416819, 0.315651431346408, -0.14806488320802852, -0.25813755743598865, 0.08328962989511654, -0.08868138306739964], [-0.01625015107413874, 0.511810029103451, 0.6248436375095656, -0.14482045265772553, 0.2866029059819915, -0.10468970268702839, 0.18041045571837966, -0.29090598724738315, -0.3356580946069114, 0.05866983777860128], [0.03583876092564293, 0.058235127237260126, -0.094684716848744, -0.006609017356459685, -0.17308548698104576, 0.02292643452561335, -0.079673006194368, 0.017377729425964192, -0.13041229844853441, 0.9654916003102397]], "name": "KL.HA3.160.tiff"}, {"eigenvalue": [23509.43029808061, 6792.887317502729, 3953.128804105443, 1817.3736407088616, 1023.2881890646498, 434.03393838912433, 219.66688646574542, 104.241765155463, 13.98249386069766, 4.132217706929086e-14], "eigenvector": [[-0.17370645792847333, 0.468131235576818, -0.06951162268966335, 0.2816227287630317, -0.18008108897494132, -0.6877052355869836, -0.3683115608127041, 0.13780390787207844, 0.04312171355134337, -0.06830439966443995], [0.06112132274671356, -0.33103796350297476, -0.19133988109724562, -0.4212580793004878, -0.09626331432048593, -0.09880043513923326, -0.16411505218095573, 0.7094039102003622, 0.2570613538028069, -0.23940004533151488], [0.4128874380597452, -0.4324992895260115, 0.27804888348974865, 0.05325312591619291, -0.1249340643146777, -0.23403733592262557, -0.39463858418542686, -0.11538581305018886, 0.09117143506331624, 0.560868547377756], [0.36580057466749416, 0.2783966101971108, -0.004072589920812372, -0.3568757797375085, 0.4271442924890729, -0.39504726144117586, 0.4183222628585664, -0.09766470933079142, 0.3486802287643062, 0.12916640620029396], [0.38150482001144526, 0.21352059223146835, -0.32040241433159866, 0.5423772378351185, 0.10662456015528861, 0.2811876130127583, 0.11387575797658, 0.46496803372568407, 0.05122720695610944, 0.29968282542693875], [0.31706055582259196, 0.2627695838795876, -0.434823237705531, -0.26205902835234884, 0.09608236462199365, 0.27898159870321976, -0.5923973758532844, -0.3320002420243472, 0.05465224426978032, -0.14652759025983977], [0.29838144532136546, 0.31205450162644377, 0.6927218644830706, -0.08190580906449145, 0.19371806648041226, 0.15177233995817033, -0.19870041966669733, 0.28527944955967127, -0.2956207947222352, -0.24124458577325567], [0.47491071217300485, -0.34114243144940015, -0.10044626225911388, 0.35762262204459705, -0.014996380351714786, -0.25145185153986177, 0.1437654320446613, -0.18468960485551567, -0.12122362409305412, -0.6222310051989015], [-0.038574569865110174, -0.13632600237645282, -0.30591084575679406, -0.17174628637220485, 0.3673464100459722, -0.2513483037359903, -0.024622968924912385, 0.11391008562889958, -0.7777293034359932, 0.20071115765491873], [-0.3157073974513657, -0.24439078956410776, 0.07723977453086685, 0.29340545493087206, 0.7529593783064066, 0.011318871305810864, -0.28639261528603943, 0.0037866454820411205, 0.299347724943898, -0.09914215040670815]], "name": "KM.HA1.4.tiff"}, {"eigenvalue": [25261.717646759203, 7721.081020385817, 4141.176395430003, 2533.453327712731, 1239.4070947356138, 407.78937806507673, 253.36005215090097, 90.53026695165855, 29.540373364552853, 1.1764794891410471e-12], "eigenvector": [[-0.17547694902775193, 0.37231864074207444, 0.29784725855837496, -0.5036051114896634, 0.09750021268731032, -0.2827761843705704, 0.2654635748271094, -0.305760656437985, 0.36055259082755475, 0.3237719121658676], [0.08138913940870773, -0.29341318997098836, 0.009992988829405774, 0.4271602667650421, 0.3357713200937371, -0.17388314477426384, 0.5509816492897839, -0.3823423792261968, -0.2568237083862266, 0.256936056595918], [0.5247812479437993, -0.23357101730511398, -0.00015854168710406624, -0.3735276665136036, 0.24425322195791735, -0.43213936276683607, 0.20017054386294783, 0.2851446912903237, 0.02597606144932721, -0.4025813163024652], [0.3239942803772708, 0.15734522408843746, 0.04428308632360376, 0.40131052673137374, -0.35542539786027705, -0.08182880128405289, 0.28251487205367215, 0.4487030483518447, 0.4385286334532306, 0.3174577910302364], [0.3113950355729282, 0.3598113327573903, 0.07629761030124776, -0.1272446609155433, -0.48809587933047915, 0.26159214935760255, 0.3919251431600946, -0.2594472656978993, -0.3848228221796795, -0.2754660805911644], [0.22055548375070533, 0.47184241121913334, 0.21743475665474327, 0.3116999050803237, 0.07766439649378483, -0.518500458900307, -0.4525692272507309, -0.08504346856509981, -0.3111902507011036, 0.022807012954816564], [0.27147050276760665, 0.22378943051009298, -0.7998949276353406, 0.01083597279276742, 0.0841940119293737, -0.026178802557299673, -0.09647877334551927, -0.3679711893362202, 0.2894394841525225, 0.0035520604744877227], [0.5086496522739999, -0.41208467925784126, 0.18884237740204804, -0.22895583794644628, -0.21176025523165704, 0.1395120852576527, -0.35889915064190564, -0.2664772155999365, -0.017934887261669506, 0.46790291146209306], [-0.06751289307441366, -0.2561356640807009, 0.26631723943112345, 0.27623646797579987, -0.28207369327350285, -0.18116471200210882, -0.08665113456218629, -0.44179495887260284, 0.46824656784786733, -0.4982698046013567], [-0.3156354122733618, -0.24160745711125958, -0.33122307340627516, -0.14543083176454433, -0.5621374632310555, -0.5532803240200056, 0.04490007316245796, 0.039266295045751125, -0.2505625547859921, 0.1506126659009906]], "name": "KM.HA2.5.tiff"}, {"eigenvalue": [22122.531973286546, 8423.818480946988, 6244.512829968661, 3384.290355185022, 1422.0389237699053, 648.8665678305932, 200.36243212798587, 124.65837268129125, 72.79784198078715, -2.901482591308012e-13], "eigenvector": [[-0.24544603777036342, 0.32307228260918625, 0.22465695457091459, -0.12015085947087836, 0.19541037867769384, -0.22395986188365635, 0.7225412042538916, -0.3006782911823032, 0.20321125669379256, 0.168411072005082], [0.04962116938666261, -0.16949383740532625, -0.29295129480962795, 0.3627475872272514, -0.03961127147960318, 0.0868937982827827, -0.17921718101735037, -0.5441549051442752, 0.46548973227446167, 0.44427431935113854], [0.5078264547201572, 0.034953076233616404, -0.24764220041768248, -0.4250995316448553, -0.12842187414519504, 0.34270011068402123, 0.213411586803344, -0.4697998404084982, -0.139145203335818, -0.2816042905440792], [0.3575990103037977, -0.38308636446176997, 0.3100671804033072, 0.38023759894836573, 0.2714291590284248, -0.4337163323117318, 0.058537732317375524, -0.2586214067139302, -0.09229484019980244, -0.3795152384925474], [0.25350328584870313, 0.40669556817655345, 0.30314708404442114, 0.1122754347372276, 0.39281898447033586, 0.196009409006338, -0.2503420877665381, -0.15295378288354997, -0.45694249686844146, 0.4221871173425481], [0.22952337806589695, 0.40182484737922863, 0.2668187132996331, 0.44520699055638746, -0.14231680157363535, 0.41789408958236635, 0.09388850279617605, 0.1897438048328391, 0.41689222591008784, -0.32085493321856573], [0.30544461132241024, -0.49145656207000177, 0.4900886301683494, -0.22958076122865811, -0.175075198968404, 0.20707861684816634, 0.19585545525944623, 0.2276282292496711, 0.15312766969753006, 0.4302614478233212], [0.5149704617607259, 0.16640164369923507, -0.3820715905214441, -0.14772682530945141, 0.38978985567246177, -0.3120728465300237, 0.037011803336010604, 0.405057474098405, 0.3222740441804317, 0.14382773620014438], [0.059640516873474686, -0.15171508478810708, -0.3912351937713019, 0.4883110575807743, -0.06846333425224745, 0.16576254749973365, 0.5326410716944727, 0.22065597581364693, -0.4312243682540778, 0.17719593395195748], [-0.26932572559611084, -0.31594024686806355, -0.06260633323128831, -0.06996033152309737, 0.7129125145209565, 0.5059000193028993, 0.043843843755172154, 0.043798212899024226, 0.13522609636064364, -0.1803487368323014]], "name": "KM.HA3.6.tiff"}, {"eigenvalue": [24920.69315495336, 7607.367748811989, 3140.1265080515227, 2077.896210273199, 1502.0973094109618, 741.3577036733732, 382.70265418994245, 72.88919349736248, 12.158406027195658, -4.229698188934873e-13], "eigenvector": [[-0.32867186506656393, 0.26018071572513757, 0.08514287839339162, -0.5555086359731382, 0.40616467439062387, -0.10417168808729504, 0.29000571898356375, -0.06239111119764648, 0.46441052831298596, -0.17013834361241836], [0.2445669983301324, -0.2649660745143459, 0.19715842584609028, -0.443116574425239, -0.5707081395176313, -0.03095230070458775, 0.09808894075559763, -0.4518212532516727, 0.2082729842339111, 0.22571856966371012], [0.44835272906255746, -0.30934329129470284, -0.1190211266226725, 0.12362915778617845, 0.13063523349696649, -0.38841005781895876, -0.2824345991162541, 0.1981136364342998, 0.5752149586610541, -0.23668092361513782], [0.3101466798346554, 0.39724098557050624, -0.551817826889662, -0.31660828922717366, -0.09203690976764649, -0.33880505769371805, -0.05194386087065033, -0.15727884816220733, -0.35689341678181785, -0.2513912128693534], [0.24558192981220284, 0.47287509394717375, 0.1217408044950255, 0.48330235882857986, 0.0974353629371359, -0.2725213313216012, 0.329552394432724, -0.3268669839192247, 0.19993988308492328, 0.35845833658740056], [0.21195807573609105, 0.5452959098389325, 0.21354702501960124, 0.021843314919027468, -0.4049731581812557, 0.4241367969350015, -0.10215077611320364, 0.2848895615136094, 0.26305837115693376, -0.3270395254774894], [0.20465453601278222, -0.12050528038142287, -0.6325543017286187, -0.010710687545919556, 0.09525179992714933, 0.5426548338660386, 0.3429818246622231, 0.06612931157658518, 0.23890664359172756, 0.24641866501642268], [0.5389602217690612, -0.17396550898764584, 0.37049997819429037, -0.06574188401415959, 0.3960822287786439, 0.2346726738439855, 0.30494363186876217, -0.14319222583485958, -0.2993716255994793, -0.3501360502766636], [0.07107867426103986, -0.07901067808157643, 0.08402968200535028, -0.0948221467930864, -0.24133607658348197, -0.34054638416211286, 0.5793763998920692, 0.6585734186639509, -0.13461641083925477, 0.10450084984129442], [-0.3038094270368376, -0.19135989680307217, -0.1741579208992031, 0.3633822027106172, -0.29341450504836575, -0.053494892051787715, 0.39807543260474676, -0.285270259118318, 0.0932902433450627, -0.6092648026495814]], "name": "KM.HA4.7.tiff"}, {"eigenvalue": [7486.024794558619, 7236.705945036094, 2570.972019711287, 756.8474079194697, 537.5646609503617, 210.52036831471577, 181.36432103450164, 12.004925108588042, 6.962224033031803, 1.1726162581937806e-13], "eigenvector": [[-0.10224699198792475, 0.11209967912635432, 0.001725984411706758, -0.053973560610601615, 0.5408944096095867, -0.1067046252606231, -0.0029173093265198423, -0.3968102222085495, -0.7103327103351263, -0.08983890242066399], [0.3071489107823854, 0.1501052498604376, -0.26513688875291036, -0.7450515203109955, 0.1843891219467958, -0.24530604475941323, 0.019314390303969132, 0.11324357985481, 0.10204665497066406, 0.3740902900966089], [-0.005976763583814104, -0.5731503293599935, -0.3429856672547726, 0.1467165729183741, -0.21773358512712154, -0.6408332323815807, -0.19788623430973015, 0.019518836143796937, -0.184448390437102, 0.025724624292955522], [-0.33355348027342707, -0.35481825906443654, -0.157654937252083, 0.21211002093658846, 0.6344608049772407, 0.15039868204083362, 0.11207940954631286, 0.23294927756816244, 0.25918489353752827, 0.3658361559447921], [-0.6555328213287874, 0.058902077625726745, -0.032447366349564744, -0.2859432419117265, -0.22119887458386114, -0.18785136055446666, 0.6007732293571463, 0.12018912522352725, -0.06665544150806216, -0.14126915317189487], [-0.5427985373471818, -0.06773893785567062, -0.05513082550924185, -0.3462504229863259, -0.1445798209262173, 0.24939271998852514, -0.6653309336906645, -0.21170725239514454, 0.059314948320453705, 0.06122819835191948], [0.16453457910368535, -0.6607432822316723, 0.574474124356663, -0.37758745852332254, 0.03992616848668716, 0.13633881127704214, 0.1419781367927859, -0.09519919498294502, -0.020422286558799026, -0.11804135141604785], [0.17881929924509293, -0.24976874895454126, -0.6708908603456921, -0.10871444405009081, -0.07688907855324778, 0.52100345340189, 0.21495885427636494, -0.14510314577083389, -0.07654196931595365, -0.3053660419137121], [-0.012574694579775897, 0.00800294298320283, -0.03534344217497507, 0.08029523371697067, 0.010967041505758285, -0.1952749745312303, 0.20857672230364185, -0.8185594411934181, 0.47636154300068745, 0.11560548134073914], [-0.01875710256235999, 0.058451692684494544, -0.04181793345217708, -0.11391811241664972, 0.38213464923990115, -0.2636323652882812, -0.1855656594743443, 0.12509369826237807, 0.3777017733376578, -0.7571227798384382]], "name": "KR.HA1.74.tiff"}, {"eigenvalue": [8387.27811485811, 3262.503785137018, 2766.643067702724, 1204.4069331957846, 513.7071899781256, 270.7757013124424, 120.7562720656576, 62.298158758372345, 6.908554769538871, 1.4993048982478175e-13], "eigenvector": [[-0.10851818019716183, -0.008187774164021437, 0.1802796624617054, -0.07857699557402663, 0.28967118664922636, -0.003221891902400262, 0.1324437041268622, 0.1756460315721915, 0.7680551331710864, -0.4767182986498721], [-0.0487853707912852, 0.45301068980111314, -0.2776124788871733, -0.39648270903746824, 0.5287788683060991, 0.31028918391148513, 0.030972707495808494, -0.10789020229480843, -0.3184190045995878, -0.2612610561345545], [0.5786240252576131, -0.08790687643254019, -0.022625119855578052, -0.14467584896962557, 0.316142967447341, -0.5126393485915074, 0.37062288977766916, 0.33152837138687563, -0.1359044494746798, 0.08680862115973263], [0.2401448507351579, -0.4053240901481484, 0.49794792883202904, -0.5795062317733733, -0.040390495362249985, 0.12918493169960926, -0.3422740842072408, -0.13981730288228242, -0.1316573752994608, -0.14801685731333702], [-0.15079205862215178, -0.4317690136500747, 0.06771916395312416, 0.4583984960836201, 0.6733215297493859, 0.01513788958260566, -0.30581038401487703, -0.0038489482348796587, -0.16130495645600026, 0.05456257924363383], [-0.060707503180223964, -0.35169499568039375, 0.15852094516216642, 0.12807174187337567, -0.053563575304029526, 0.4326125466574833, 0.7472343783758142, -0.08545373768647416, -0.22310344269214633, -0.16010806404492528], [0.5758362750207219, 0.43493122879370716, 0.416640154048803, 0.4144221008525423, 0.05538231146042524, 0.31999023422334616, -0.07753651852856173, -0.12976108075682166, 0.07020456057319507, 0.025946761231698853], [0.48170148727826884, -0.3488035568803036, -0.6586381082978258, 0.03934636687081111, -0.0712323605451079, 0.26489562137486045, -0.12501807708312507, -0.21132563611855254, 0.24918559015014255, -0.1154219205529497], [0.0005865117016146692, 0.040992496347680804, 0.039592178394168814, 0.13797939507879017, -0.012066748364665824, -0.5120535241776778, 0.08868250493135828, -0.7376683110879336, -0.08420353772457714, -0.39529690047162], [-0.05762596520512722, -0.008700996347904992, 0.05736747783076662, -0.24699162588260376, 0.2653072728462296, 0.04557817884035153, 0.2135445065986725, -0.4637672705048286, 0.35069952454223485, 0.69005132896931]], "name": "KR.HA2.75.tiff"}, {"eigenvalue": [9916.335281639072, 5689.471093803461, 3433.3681789972984, 2167.1711032732346, 1095.076492037964, 343.16660534405037, 42.36564054288826, 28.72561802943561, 9.43109744370466, 6.310689646091911e-13], "eigenvector": [[-0.04867124381609792, 0.024146050241121545, 0.08912323096090609, -0.05420768605808716, 0.1487327706187675, -0.20551860997227545, 0.21464004429810843, 0.3317951821505388, 0.6723916822161844, 0.5599449551781662], [0.14429062279530036, -0.24248460068113759, 0.09755137142954867, 0.16705155384256792, -0.006613628446148601, 0.9069937787090072, 0.10720426415063211, 0.16519054047892412, 0.08070691505504451, 0.12240593590706594], [-0.3831445213367704, -0.3765443856321484, -0.3007840939888641, 0.1329921949156575, -0.1938478589505279, -0.07067673559452113, -0.14196480313971724, 0.5280034950089695, 0.225043626457845, -0.4594541142027728], [-0.3733579578276056, 0.04500385653002159, 0.17267685776746078, 0.10882559771462863, -0.1083525382659702, -0.01700525002359471, 0.8653407087481683, -0.10737740597127005, -0.08716221311319719, -0.19221609791092018], [-0.08336930493750899, 0.07025721746172317, 0.6685375557626336, 0.2284577069146562, 0.5645156529120765, -0.05558653286680648, -0.17292189713557535, 0.2230865182374286, -0.030407983496805485, -0.2943061118418803], [-0.26233985387110476, 0.4274485759293024, 0.27367921881456414, -0.6719735258615878, -0.29539480529261986, 0.24484994778456803, -0.1386169737883502, 0.16557534214373015, 0.09384132712589528, -0.13918024208960547], [-0.3039180314035578, -0.18010720242586936, 0.4529918135443184, 0.3533644478415288, -0.5528561901055787, -0.07418197705705802, -0.29638005089111197, -0.2710961130217118, 0.06261001739335267, 0.26214504704027786], [-0.5501070775644573, -0.4564147926611164, -0.07773191397722443, -0.3736723224149926, 0.4223748295617446, 0.09130115190809557, -0.09587427900800972, -0.2935773335036304, -0.11559355834230214, 0.21889881092487712], [0.4664008950885662, -0.6043215935411934, 0.35375758161834425, -0.41236653954894614, -0.1664935706807422, -0.19861080810529924, 0.15591169351614803, 0.0013323669090897702, 0.042358407274204084, -0.1697179982519842], [-0.04826008518581316, -0.056578686989136526, 0.06341429502043186, -0.03661183852373161, -0.1039758234132051, -0.11624770162553799, 0.05486559519902512, 0.5791727957990525, -0.6740378138743918, 0.41473507371928386]], "name": "MK.HA1.116.tiff"}, {"eigenvalue": [10088.339181636831, 6426.725696840066, 2642.4261982268617, 1060.3286391891409, 239.165849195203, 183.77810454355534, 50.573367608973726, 22.679999178735034, 0.5829635806318894, -3.526525814702964e-13], "eigenvector": [[-0.07930605627386422, 0.06578121066281657, 0.07193157739691891, -0.2332882418586525, 0.09386703416637861, -0.2034031677984515, 0.0269075866569733, -0.18782361999029012, -0.651265017695729, -0.647652764721881], [0.19590736814306864, -0.14575362097488642, -0.018527206747450037, 0.1982206051690763, -0.6663824474915585, -0.39706622864356617, 0.15780989201133114, 0.3720112177327494, 0.1501265763806994, -0.33642245176417945], [-0.29306081329999867, -0.4122314917466037, -0.26124610321139696, 0.13042368743876487, 0.14089128571695622, 0.10607084974599432, 0.7880553926291803, -0.008105045447330098, -0.0794775295781583, 0.020140540056104238], [-0.45347449142435714, 0.020875744024302534, 0.10753083694299576, 0.22600937978526878, 0.4199041543440893, -0.05559114753262093, -0.2053829913830576, 0.6711952660352223, 0.08917063755213385, -0.22635245277189023], [-0.18625968144321087, 0.43145153890489985, 0.20260275382128962, -0.16240527767912927, -0.37129073476077346, 0.6786064265355397, 0.23015538285402556, 0.1919037225029964, -0.012291459672547054, -0.15303738029860686], [-0.20848696716647178, 0.33485375561430875, 0.43222344521254136, -0.37775675639674355, 0.0630014466070058, -0.5237206285990842, 0.3763902989065289, -0.007183656229461405, 0.19689639497565925, 0.2369534591453699], [-0.3561160654068722, 0.032491648883014076, 0.4310747267861047, 0.6776545155977323, -0.20596404257946616, -0.049000144597887776, -0.06360528019761552, -0.37843322135735447, -0.15721793633376582, 0.10142762405291486], [-0.57518203021403, -0.4686023917742407, -0.030063814780662446, -0.44416172351993316, -0.35524314083971853, 0.002780999472721757, -0.3310643223515158, -0.07349144153413115, 0.04328072936090792, 0.09116325369568656], [0.354631562642948, -0.5306311770918042, 0.7028953650278466, -0.11234743609283655, 0.1227597941802859, 0.2055445086411681, 0.05096788810896205, 0.14670227595161373, -0.06739542043156524, 0.0017971974792821421], [-0.04723397428465526, -0.05972680991248286, 0.07755033068045554, -0.0013202774728630646, 0.1594952204151128, 0.08471651806893485, 0.01644519909519297, -0.410789810417153, 0.6848326024739115, -0.5635209338025337]], "name": "MK.HA2.117.tiff"}, {"eigenvalue": [8574.579674668048, 6722.856327271462, 3863.0231991942264, 1855.155648409138, 967.3936012413883, 262.6543461758098, 227.17377654419357, 99.53242723240577, 31.842110374441848, -1.2509123361031982e-13], "eigenvector": [[-0.04904290711816571, 0.16093906593659713, 0.04435934288953347, -0.0368940395652862, 0.013107946529725356, 0.8349837154195601, -0.07176782115408219, 0.35859059875200705, 0.2915135205996373, -0.22864141187199016], [-0.037325441731425935, 0.06926418365328113, -0.059941188856693584, -0.3931430971899549, -0.7631567148947825, 0.01976101263294333, 0.35020030510520456, 0.16132516468746372, -0.3042421696070782, -0.10782770487690918], [0.49088030371252406, 0.36056285256314285, -0.08579557959246105, 0.13505815815729857, -0.04226588320555709, 0.22640048422214643, 0.1699760890049557, -0.6669174277757642, -0.07891959989138103, -0.265493418987243], [0.33769314984837895, -0.06706891668099008, 0.1723458428101589, -0.45999094550680075, 0.2050106820465726, -0.34423680302455506, 0.08341683559893347, 0.17108327895459213, 0.35381130230892727, -0.5641202768275871], [0.055538732251929374, -0.38606489450041903, -0.437466507322061, 0.4039673848465053, 0.06450338547988432, 0.006985257704541101, -0.0036556259892038534, 0.22724451555885053, -0.3849767929789595, -0.5378035963593605], [0.143883970516892, -0.41448804479027995, -0.5063633973651946, 0.026232124783572924, -0.17924947374863026, 0.05178818008921056, 0.2929727955434973, -0.11276306844027095, 0.597035695354527, 0.24615537714242272], [0.2856203383612661, -0.2732462808720659, -0.26351384532133093, -0.5761062991709627, 0.1416804172253381, 0.22981622312803188, -0.46623306155495525, -0.11475922175151917, -0.3114699964765512, 0.20487590213707357], [0.6655822884215427, 0.2896736415225828, -0.06453677256936795, 0.2214698937492943, -0.030734586829901794, -0.11548210915473477, -0.0030089792657384973, 0.532002754025232, -0.06300114147073071, 0.3443684501517172], [-0.2595382391690191, 0.5622700053625019, -0.6051144596998883, -0.0930101003484012, -0.05838375680722496, -0.2405748161137123, -0.35747957754418846, 0.03405705039962988, 0.1837693555156313, -0.13292984276374337], [-0.15961034723557277, 0.19806294482225179, -0.2642469400351252, -0.24651354121907787, 0.5593626252470114, 0.076791119495171, 0.6366619937784985, 0.09811502693946933, -0.22722939385927032, 0.13899123280924416]], "name": "MK.HA3.118.tiff"}, {"eigenvalue": [12086.4067108192, 5783.307379061962, 1607.7115782101894, 1375.7254551147653, 1191.710669625291, 573.1269851206062, 115.76403631912095, 11.30558409994354, 6.286046073374281, -4.749723127245483e-13], "eigenvector": [[-0.03498746172469371, 0.10885598133925453, 0.1023890027963271, -0.1545901339890047, 0.018610003415762057, -0.10555004172201195, 0.09317973760045116, 0.6958431273824718, 0.4408193609451731, -0.5038409089036892], [0.03822371524265922, -0.309910288930182, 0.019912396573502467, 0.050512734696768535, 0.13859236133666636, 0.061865836126368375, 0.10243634001093807, -0.5044956073894191, 0.7771585655508094, -0.08675735452904339], [-0.35796792354274043, -0.1904460467554292, 0.46104030389337103, 0.12587841951555168, 0.07403434921653193, 0.45724432256195585, 0.5227140533377482, 0.1969082228527858, -0.0375894472278365, 0.2814542218019322], [-0.34225306066692684, -0.0549119057179282, -0.3102640855577041, -0.08358816886590527, -0.3410106808196124, 0.17858801788161657, -0.4210245411958761, 0.26685972425417187, 0.34096684077464345, 0.5134984055703005], [-0.24758496730586252, -0.1949252844880882, 0.23379871854077744, -0.1575318352979454, -0.043381536578303424, -0.8356512829871418, 0.1642820933963093, 0.004290775596209766, 0.028171081123746042, 0.3053392314397595], [-0.23274867844161523, 0.16010947166510925, -0.39602205884600855, -0.3923268345188934, 0.7561500753380527, 0.032562355967212256, 0.11978520574621226, 0.018526521291379147, -0.013800911622369016, 0.14742373439255319], [-0.40334003099386817, -0.2469882138856553, -0.38802871734374206, -0.32928385847287267, -0.4224729802544204, 0.06538183719540175, 0.3283887527818797, -0.18835764891339404, -0.18686951651490794, -0.39537741