{"HA": [{"eigenvalue": [24826.60186263299, 13396.099496330646, 5819.60403262982, 3257.466436004829, 2222.020629430343, 1900.9172338409048, 1248.090496487193, 911.4858342441273, 720.7692351716437, 594.8926794858374, 341.3537902316025, 223.92882525272685, 178.82224546012756, 135.1557814454924, 105.89154364452688, 33.51114499317778, 14.501932378893008, 2.961720247792427, 0.014553771554139155, -9.105754834212237e-13], "eigenvector": [[-0.006425974213027421, 0.09481488056953648, 0.022554785531674677, -0.1141808428941625, 0.022090627111778987, -0.04879421808063081, 0.06448081827137468, -0.03909279290802326, 0.1682040152524585, -0.04846217775645043, 0.05536668022144818, -0.011569543870552756, 0.1537413431084478, -0.26218666016305053, 0.1592065799731897, -0.05303023539765904, 0.10930603799683714, -0.24498390080726226, 0.26061616452255726, 0.8213431548164585], [0.11844482148747673, -0.2317390694691417, -0.4831850315291942, 0.18789414091267792, -0.06095188250695658, -0.37324956932719044, 0.0075972822367589635, -0.12153273266506127, 0.04887103130389597, -0.0589028955576866, -0.06948831859167348, -0.2565734957815956, 0.21203710332941225, -0.2028726680694618, 0.34826322974076246, -0.17594094436228286, -0.012688550031590615, 0.4358546107526409, -0.017013804733398377, -0.018487239068331038], [0.06937835974811077, -0.2800408290636318, 0.025670936377928583, -0.31722204830431644, 0.08447653672895715, -0.3510419020707758, -0.4574582424420848, 0.4004283511733106, -0.0464462718228473, -0.17427192460922666, 0.24962150364808797, 0.19894675109695908, -0.07228719484619027, -0.3228785525713377, -0.10457989291540781, 0.20594505774209887, 0.11284046215567804, 0.017641658329780804, -0.05869981013789775, -0.04198205063223238], [-0.18365502273340278, -0.12517117252779902, 0.3580740369324193, 0.11610598191573934, -0.42393849611989254, -0.061359549404087235, -0.33587835873813376, -0.22661299550492986, -0.04498049618488164, -0.09957795011531217, -0.30460040506121216, -0.17605604912670483, -0.3389068587029893, -0.2898309849286983, 0.0661413834743577, -0.13896190636491684, -0.3009646648316508, -0.08746201088975236, -0.05312755079204123, 0.043998366368869585], [-0.2904160696712102, -0.12064339387528046, 0.2789494277246274, -0.11750768706807663, -0.2382929008180133, -0.2694322848767439, -0.16612874113811804, -0.3132780253622058, -0.02791040410655606, 0.04086789774096791, 0.409981617710822, 0.08667913494140578, 0.2624505700108008, 0.4905092008200101, 0.07959972977757379, -0.0456630965028168, 0.050398228901045165, 0.17900120282156437, 0.1470539667176395, 0.04700240778332244], [-0.4373012630907639, -0.06291465972915022, -0.007408981433258008, -0.3844541437920525, 0.03420976297891688, 0.004779112557073244, 0.32160733033858296, -0.0803104148008552, 0.32724493679020006, -0.24502310783224937, -0.22443998385208605, 0.18495099097449105, 0.15939783749218983, -0.10365651746924223, 0.16753962108755613, 0.3252581258601215, -0.2523633738062796, 0.07910200748460142, -0.21378322228954477, -0.09223422829643066], [-0.3703445307614183, -0.01160510572208219, -0.2086516396208517, -0.12365979280083138, 0.04851990657363241, -0.12024478771475616, 0.2862765386947593, 0.05035355127341316, 0.13404359519965273, -0.11210612799338066, 0.3585136032818349, -0.1913626774975174, -0.47508288172819685, -0.08531427034783633, -0.07834790331472889, -0.34746454833022067, 0.01918878174475693, -0.1381535196887043, 0.3036319449406212, -0.18813263047141177], [-0.21183523461038034, 0.16741119129489584, -0.10373260606660237, 0.22776602193200327, -0.3565253772506314, -0.22455741779773225, 0.252184284298761, 0.041638561757046826, -0.29733732889110814, 0.3217393414357317, 0.19194790040341606, -0.08674541231261278, 0.13550995112017633, -0.3007700111470798, -0.1978038581429975, 0.4724969255753366, -0.04761152434918175, -0.10406916765939517, 0.01866393793890183, -0.02547837491672529], [-0.08249234159764844, 0.3155065266015738, 0.015013010849579733, 0.13523335423060018, -0.007852918243401893, -0.23491120682281208, -0.014497011260447099, 0.42774410509505933, -0.11444230635374893, -0.4939534781604718, -0.03070202880511585, -0.37657835551349583, 0.056100993329499985, 0.3677652129506083, 0.0009596437505502708, 0.05069091576490652, -0.1966002770764859, -0.05709953497761075, -0.17369090337708218, 0.15435833976642566], [-0.17056587229678588, 0.3002530634577502, 0.10923659796820123, 0.17167769435921246, 0.34785785366343647, -0.3383639904300674, -0.19510387575240792, -0.2630149200994102, 0.15390371768354572, -0.043948322752944066, -0.13347721820267555, -0.03257766256515297, 0.3137151948012814, -0.18243241087781806, -0.0783769030032271, -0.14324497360004557, 0.26143320191485964, -0.3621980731505771, -0.07152371192960216, -0.29850513202552037], [-0.11312967865200066, 0.27802003234115036, 0.0389610090062909, 0.17089542231656324, 0.5192922070412147, -0.17766901753052644, -0.13283593062867896, -0.19998337138246722, -0.07484031221477352, 0.12318947993425822, 0.015153624719753853, 0.1271034840713049, -0.396293455107128, 0.010027252171730706, 0.052219014525777624, 0.26775808107904236, -0.2327303838482346, 0.38686937118500797, 0.12095141948285688, 0.18199291892768804], [-0.14223545150022712, 0.2359211997548476, -0.05025340937548083, 0.36101324957589676, -0.28986766270203973, 0.026090967342709256, 0.01423562251758009, 0.2033823515746072, 0.001684780588872658, -0.29528833248496167, -0.10471483169295043, 0.6351234979100592, -0.042232749210944526, -0.05249356853259163, 0.1442414309180984, -0.1185592231500508, 0.2280669524711256, 0.1536190813411797, 0.2125256413312799, -0.05706664354230541], [-0.2676058915035445, -0.025892974354370504, -0.41495685027642426, 0.18940589358538684, 0.04434744415279491, 0.31141934614523165, -0.28978528981411267, -0.13838641135151175, -0.068521702799986, -0.0346001057118505, 0.36249944674137957, 0.16781392007914364, 0.015461430231012478, -0.014780599253921993, 0.045579647750700086, -0.10688625208676658, -0.16414219417655415, -0.19514608136435208, -0.4974784147836551, 0.16015295064313437], [-0.3439939714461758, -0.10566869524766567, -0.2836486047702592, 0.0022279779034125244, 0.009012508861657095, 0.34397564079936105, -0.3704020105303518, -0.022513305022018322, 0.017053736893215012, -0.12018649632602191, -0.240719143283877, -0.2797946593409174, 0.0998390280127522, 0.07274516740403611, -0.23914495531547217, 0.2796426352113072, 0.2439816236759033, 0.10906357368282371, 0.401013245121328, 0.009268806697355792], [-0.3861645021174345, -0.049344820395988066, -0.08580108655667669, -0.14581003683984126, 0.07237423161200361, -0.14563119740230096, -0.08543680800756613, 0.4007063097416059, -0.17615543683963375, 0.5551967321918595, -0.36029771394415766, 0.07049658769458918, -0.0006208018042285369, 0.16262482775063308, 0.21402009721003867, -0.24972826128729791, 0.035071429320167144, -0.06980701623652417, -0.06230532964659945, 0.08275769837800899], [-0.2610731853529595, -0.14425580395703602, 0.35530784904170315, 0.06508760843360378, 0.19387325622001894, 0.17843016291859504, 0.24346540728334484, 0.024482567350271288, -0.36036999552790533, -0.14443809659107165, 0.05630977743607256, -0.15327352266087452, 0.04564017787170713, -0.23655805953868614, -0.07603613764762167, -0.15906427499485684, 0.40193095971337744, 0.35213371410986694, -0.28932164881409855, 0.12441953842618897], [-0.10207039453290234, -0.3711927134220976, 0.2958533478356453, 0.4947940173384211, 0.2206688959635101, 0.1592871898308996, 0.016335567014367395, 0.313427810475959, 0.28172366559345263, 0.0895593387054733, 0.19633347830927453, -0.08063642977900079, 0.16371379589810334, -0.04996482248325391, 0.26237324360272507, 0.11317696099847807, -0.21044072296268063, -0.10597267236613825, 0.1937620367567745, -0.10213439203251125], [0.02290529870823939, -0.4667068396793278, -0.11500125906349037, 0.10785815387952773, 0.20720620439021498, -0.17704605560113149, 0.2006170329974646, -0.2014878811670444, -0.49907041905074145, -0.2582344216477103, -0.20215500593942137, 0.2181364976753482, -0.009099362287150511, 0.15507637390049275, -0.044620721110327194, 0.055706654281883664, -0.10185582861569294, -0.35263864503369013, 0.17599269465774445, 0.05042692424640424], [-0.017681607726493187, -0.2808713787953838, -0.042092478421257934, 0.2817447174033364, -0.09025331332068008, -0.25034404007053024, 0.10871254232993494, -0.02734396028749022, 0.44604407374304833, 0.08295282874496367, -0.12942452037020696, 0.02988066764254875, -0.3068021086573049, 0.24522036493040722, -0.28019818097238947, 0.16605187937910995, 0.3507346933764038, -0.029600000917721775, -0.3172149610188067, 0.21891022204145166], [-0.04872654096902404, -0.06574922346042088, -0.002232702772562798, 0.06525136260048874, 0.046003932882779826, -0.06441798830661513, 0.030278467453886574, 0.09611899763033634, 0.12340042099773872, 0.038441609899297374, -0.06873705128599861, 0.15905540732746976, 0.2815429181839466, -0.08233575810361984, -0.6844793751498972, -0.350757324258915, -0.4190659727406173, 0.22542077786505113, 0.07445996371312989, 0.12777369025206173]], "name": "KA.HA1.29.tiff"}, {"eigenvalue": [22756.02953183969, 14813.079073623838, 5838.8506864939145, 3367.2869675774496, 2566.181915002523, 2278.5695105863897, 2077.5239609495075, 1027.2016720462263, 746.2662967608076, 522.5667704592183, 362.54555996108314, 291.43194504186744, 220.14576930460882, 191.07618473275818, 76.75209660864458, 45.00889359691036, 14.457387058482238, 8.59811818542503, 1.875028591721596, -3.1874503037028953e-12], "eigenvector": [[-0.018755308065270964, 0.08035787668163083, 0.030282658152503677, -0.06909179809045436, 0.06456934269793187, -0.008211866259535638, -0.054346353843577035, -0.04665686505774474, 0.03659355564516617, -0.010128207449939924, 0.25019380547419967, -0.057739940207262225, 0.030166543102987813, 0.19920182673530934, 0.125494908891302, -0.2770166550264758, 0.47509338079885555, 0.12606643957408553, 0.2954564378977392, 0.6699112168471042], [-0.0699033554099357, -0.2790483622737082, -0.41319686728974564, 0.024977601824907658, -0.08567027225685207, 0.0545820036639887, -0.47008302804624846, 0.1019477786389521, 0.047842887951891344, -0.06979981279746121, 0.19183633602870087, -0.22881644730905568, 0.1430585760527884, -0.28370045741787075, -0.15569647976606737, -0.3533934834834071, -0.32718130846566396, -0.1000975816344081, -0.08290599943055407, 0.18401171731482108], [0.11303745556268854, -0.23706226320609075, 0.03799391023336236, 0.2516617638717176, -0.027447625011881915, 0.3985799416094006, 0.018009532611295412, 0.22978191377993076, -0.42487014611530416, -0.14559429172863475, 0.37051195552065025, -0.3147475135143083, -0.23186393268441713, 0.3100639409756308, 0.1695363690345389, 0.1580907541746545, -0.00666948693018226, -0.007180896600994363, 0.005377530336433895, -0.10809817318775569], [0.2078690318390305, -0.21216282880126927, 0.32968677687371484, 0.3137070713911699, 0.3224733783063307, 0.17149250493029658, -0.07038279820435425, -0.1905519430688933, 0.10152727221097728, -0.4004801961646253, -0.27448297449499337, -0.022420431472818136, -0.1379847180841153, -0.1757198093378871, -0.37486580998336577, 0.025530005396268138, -0.07105154024010207, 0.16532569724502771, 0.1755299604331983, 0.17084654910541106], [0.3388614471019474, -0.16468212539214966, 0.21794956146697214, -0.0364968900754506, 0.09769847688401596, 0.1508846527514202, -0.3499751792937619, 0.22512446336269906, 0.3548099608527767, -0.06707257362900075, 0.07766733583785757, 0.210261276072834, 0.33492199448275733, -0.11470245702144463, 0.4839907888520688, 0.09207192653982718, 0.14625757035827566, 0.06738061975455435, -0.055874629865785994, -0.16126340498960945], [0.3935342386110467, 0.023290246829730497, 0.2558482733196266, -0.258358947444659, 0.16629982952317152, -0.3568286322208377, -0.27274285106783214, -0.22124600724614335, -0.3281278868020974, 0.28064538960529145, 0.307185126303177, -0.1151543880481698, -0.16921613343023872, -0.19538374922053683, -0.10934070432439001, -0.07159263637371134, -0.004662439859638439, 0.044110106238452004, 0.12715588378115247, -0.19488734019145582], [0.37165429394084637, 0.1257408824872819, -0.19660525810978005, -0.13240407043276795, -0.1779139370164484, -0.31301560147554097, 0.03557283931289347, 0.09982405740034937, -0.21418201221789734, -0.6333304890976397, 0.022958771402074963, 0.33570055592072523, 0.04824397069359333, 0.23289958161987298, -0.019018882358006632, -0.11672075682350828, -0.1340980869368509, 0.01086160777184584, 0.001592415068290565, 0.012412839104606057], [0.21891892309315203, 0.20261317633763815, -0.17149755100043917, 0.37594266754765543, 0.20476282309166793, -0.13839684316570966, 0.1286039661370008, 0.1482997524023641, 0.2208878733730595, 0.02476320594950386, 0.2181803883835608, -0.20386563333025162, 0.30382060517562237, 0.11984447590154754, -0.40304526546696157, -0.08959027071692055, 0.34327640915678875, -0.1648266597479202, -0.07917905743036364, -0.27143849685971966], [0.0817105098045897, 0.2236512383879107, 0.03186664814650343, 0.27726479298401335, -0.3921639937835511, 0.154900584827243, -0.0559689735858204, 0.229772082320908, 0.016770261338841286, 0.09065464636748209, -0.06344569432536068, 0.2082169544687396, -0.43059175732607174, -0.28488514400936954, -0.009516094851864073, -0.43223859762499517, 0.2148365867810278, 0.21077943288255307, 0.01858722598303691, -0.17720270372031782], [0.1683849194254759, 0.24844922406758685, 0.17236682773632211, 0.015459982027024775, -0.3623395202079113, 0.028885446963838376, -0.3657740938489727, 0.019553640792896166, 0.16335642146845847, 0.030815000013327293, -0.0041018580698057965, -0.028524911570339866, -0.20883768294521804, 0.09615940589037077, -0.20854535368941757, 0.4062743639536979, 0.04179179489742298, -0.4340200069743447, -0.21040707883178525, 0.2990093070185079], [0.07385101150328639, 0.27166621589451295, 0.09333156854398561, 0.0007124879731216262, -0.4680596702962278, 0.006193062001049014, 0.02855483956884046, -0.11030329046778356, -0.005148279556966838, -0.13989801766946228, -0.10553551018653366, -0.5349676849505792, 0.36570154540439387, -0.14969597639034887, 0.07381611813188979, 0.13708186317187995, -0.07119102837396381, 0.2984023499301533, 0.2900723683278402, -0.06606669516863418], [0.12185419054145648, 0.2167193026568545, -0.10291399628753621, 0.5938390332886703, 0.1627366351856096, -0.2329951666787967, 0.009989191263248196, 0.012035666332174845, -0.3124469288769023, 0.18689196652936638, -0.10498613569675304, 0.09595856411993171, 0.1276667091797471, -0.22255061117776426, 0.3544487246701803, 0.12144899566873349, -0.19232839760163672, -0.08576786012249012, -0.021806192534942124, 0.3001976297743117], [0.26880686028576123, 0.06001699942866423, -0.48160291918932074, -0.07674331586627314, 0.10349133190505683, 0.045400052038643564, 0.22546167895889024, -0.3036101197025259, 0.35019544986994566, -0.12479571795378645, 0.16816529845401432, -0.15922968534981916, -0.4075319368957849, -0.2489016179695983, 0.247048353863377, 0.2116164390991993, 0.04028653293074789, 0.04179642942989944, -0.03441459056912085, 0.0166952983660185], [0.37600479063790243, -0.016221546217110805, -0.2687700804360016, -0.1331094053876014, -0.020193982956578965, 0.45675272254349664, -0.05169371103153429, -0.32496558655659835, -0.3016518220082651, 0.18983384980022577, -0.415499330099496, 0.03245231323921238, 0.2030167311291143, 0.09419033238350089, -0.027051820426914362, -0.1540561757078819, 0.21236488798273473, -0.15679306019148248, -0.07708541520553437, -0.013954329345608613], [0.36550847937012, 0.019758191158293734, -0.10891026395129089, -0.10109734137435962, 0.01657471688556452, 0.14387444071534997, 0.16946871727216425, 0.3607530154301772, 0.19180800468111867, 0.41753856951628604, 0.006590532595565439, 0.1050415431993502, -0.0028848192219436165, 0.20403777850789614, -0.2141557043029713, 0.08564364931736329, -0.4164452775468846, 0.2632394611167761, 0.2618302079425463, 0.18914063571914372], [0.25405983862568027, -0.14257336305103235, 0.34459988340307945, -0.053570679678705685, -0.06547981813723872, -0.13100760393774605, 0.3755948776682754, 0.06361867835183496, 0.15945856470043582, 0.019538595266596924, -0.1435777322580003, -0.34502283476310436, -0.06117745300084955, 0.04868380741253487, 0.20904261806530086, -0.439771228578009, -0.17550757036158857, -0.2796522108040478, -0.3014814742963993, 0.1355149016036233], [0.08912198220826757, -0.4117832349623829, 0.09274800193015012, 0.09443958034593211, -0.39670341571173184, 0.03555178515097193, 0.3853662011849071, -0.19462966395367953, -0.058921309966589945, 0.0759095159240318, 0.35970886408875163, 0.3132790578890352, 0.23459916456462782, -0.3023048060728699, -0.1712968466455071, 0.12395477129561053, 0.0937567622849758, -0.08933198786227609, 0.0005630333630038849, 0.12358822034164146], [0.07734782936133858, -0.4824710461915398, -0.20247987348407281, -0.03138832269830559, -0.10872346533142968, -0.39455197861382524, -0.024968060353212806, 0.3510284432716314, -0.07518053391646726, 0.06507405157449368, -0.40201360708928413, -0.17643083547109448, -0.1315044305275156, -0.06651886371915885, -0.012706900412890604, 0.21763049591863937, 0.3662990362572781, 0.007159202005124536, 0.1452411967522307, 0.026940830858453196], [0.016395805540392168, -0.2647976923823287, -0.052644742647384626, 0.359660747889222, -0.23966157750768818, -0.22817070625071098, -0.21154523419669144, -0.4558089178877617, 0.2452368303750459, 0.16182935579184032, -0.019839316856933104, 0.05922632085537843, -0.07233036045979321, 0.5077079204719083, 0.11202968892292467, -0.10101852305438243, -0.1108223736097562, 0.1352502110571348, 0.08212436862000728, -0.14889292395646514], [0.041469872830804895, -0.01940520044302014, -0.00034872512798630496, -0.013908277460438925, -0.0029844029514956875, -0.06895381941721825, -0.033136093265083294, -0.02017559403773937, -0.0871609448204199, 0.04772249258455831, 0.01669977801628007, -0.06470339651245699, 0.052081537605160044, 0.04614889866955458, -0.1169942921407156, 0.09932846203713983, 0.0935619276480886, 0.619334355443601, -0.7251092624466902, 0.1749094634512971]], "name": "KA.HA2.30.tiff"}, {"eigenvalue": [25706.982562729252, 15701.92049459253, 6848.901244648886, 4792.016054845734, 2316.552046115213, 2171.3792799249936, 1389.491521369215, 879.9714730466725, 577.2910778884408, 426.10017020228713, 388.64336243072506, 319.2134337469185, 149.27640845020946, 119.97553678356589, 76.31287240389493, 67.35314029162468, 27.67884707317198, 9.16509673060369, 5.5043240944897125, 9.651273405575306e-13], "eigenvector": [[-0.012914353435602223, 0.09381202190828605, 0.01696849204209644, -0.04861081401288142, 0.033096275783491585, -0.14273223427361628, 0.08921853403736307, -0.04646131945789292, 0.06736294663294107, -0.06688171729772585, 0.0768540950576997, -0.019698916304149435, 0.006993266753691285, -0.09175530951826828, 0.1301137454849454, -0.18359839231334474, 0.3096242650777903, -0.19227429780927047, -0.8643853762169185, 0.048836760525659155], [-0.09911714734934793, -0.15733610984632684, 0.33396360674753556, 0.46230570256032044, 0.11472869310073178, -0.15621674797103957, 0.28956927047904135, -0.04816092259744402, -0.20333737463598914, -0.07482094105583575, 0.3069753555270871, 0.14905154597824596, 0.3576207773066901, -0.12114456555083687, -0.1525230000342202, -0.3463304824531408, -0.1398905606428646, 0.11326418421565983, 0.042786980270666755, 0.18173234699018745], [-0.01791119138149176, -0.18476871461679925, -0.04445071881401989, 0.21806577852402037, 0.5969541252590107, 0.08836036955178611, -0.3960145052819649, -0.37945744996529873, 0.08642639138606456, -0.10469611261470058, 0.25704393066397624, -0.14889847909322382, 0.059375933948452454, -0.06299781003075543, 0.05298739557366146, 0.3039273611865041, 0.1641135756724641, 0.051090989881708695, -0.012228622172874869, -0.10951699698663794], [0.18955030557819533, -0.1660880013609929, -0.4264327935534564, 0.17335486664339544, 0.16677473511383234, 0.022327078163805598, 0.14086497586540936, -0.10225549185512658, 0.10585916284673158, 0.2516301177522988, -0.11330091730808237, 0.10329667758573022, 0.1251753407703356, 0.30648298222494175, 0.358532763692485, -0.3850247466633481, -0.2280567428473022, 0.015690713070595424, -0.04102604225741058, -0.3572342473030831], [0.2710933910630258, -0.2661657560099019, -0.2286211868195795, -0.06377245162671094, 0.24604401029861514, -0.0700261549551054, 0.438674817179281, -0.03810675566810387, -0.10863582269312652, -0.12303094844762585, -0.14380162158812004, -0.2030264295064112, -0.024685596018301892, -0.03549661921315248, -0.3650637425518941, 0.16754529930236162, -0.07560192256173599, -0.5191283448124218, 0.034855237935196674, 0.10736121786467742], [0.3642350930922099, -0.20118011780430636, 0.05106465303233653, -0.4410856797983463, 0.17449534494443056, -0.4899187825027606, -0.13743815921483296, 0.17159598972777776, 0.19646387858734335, 0.173034038289348, 0.18914674343492913, -0.11381927431062927, 0.05937647487037027, -0.15746176539024478, 0.04373321752577942, -0.24869182182063343, 0.1351064075548014, 0.17434004472175904, 0.17844890736854743, 0.14508399139535838], [0.34724508987828684, -0.02014585282472834, 0.25282239068199286, -0.11378988920664124, -0.03376560445704092, -0.18992806782641028, -0.32046861137059807, -0.27392231404451806, -0.39279557441479945, -0.26800950626155084, -0.36803074351321485, 0.2502601037326188, 0.05933871912455843, -0.15327713044471813, 0.10643378464951536, -0.008304858793139833, -0.2963068050046604, -0.061833392415474156, -0.09904316831762679, -0.15219858684923565], [0.28219193730900916, 0.1777907800814882, 0.059567613632205196, 0.33268782806605235, -0.16110367180258367, -0.0691137225894842, 0.0009506640018240569, -0.3988204017862776, 0.14180027633836167, 0.3987475308977938, -0.253168850133319, 0.14851942074378133, -0.08090056256000652, -0.1143724595343916, -0.21629736047357018, -0.0681157032569535, 0.46608911767777017, -0.06522555516614799, 0.15630710887583954, 0.050039341568287994], [0.1974567457553016, 0.24462281943787126, -0.12333276070069393, 0.26846184890150926, 0.01239842019606597, 0.08665443030315996, -0.16268183358224972, 0.2628912739161189, -0.3898253020473744, -0.11400652218631498, 0.20580871086071328, -0.343902627170695, -0.34342232257728805, -0.22345522441575202, 0.10284195803138677, -0.3405038873230551, 0.1195369288142564, -0.169300685572908, 0.14594242615454445, -0.1625388634200583], [0.24781398427645265, 0.25598035757010307, -0.19265368824478152, 0.14508022626668343, 0.30431882179680053, 0.08308563522996765, 0.01097689913120025, 0.3663028334488576, 0.10205397841827521, -0.4082852750070407, -0.21001479262796965, 0.39608364791090855, 0.12744629538626834, 0.10521399691318122, 0.07168045843291368, 0.03561008926149492, 0.23373376556255507, 0.13979744929821752, 0.06609328324919764, 0.30120584708434445], [0.20879132365945985, 0.3056768263920311, -0.16013830809879057, 0.10346923912954865, 0.03753270815419896, 0.04830316737626776, -0.16355114299674434, 0.287198396855083, 0.037248307013660845, 0.36374060645919665, 0.07696713989322355, -0.017188741980258635, 0.3620757056536636, -0.2886749877855881, -0.33592668933187114, 0.23143145340916205, -0.3288033582548645, 0.0685726486641743, -0.243132585476121, -0.14478677902745288], [0.2615417827850453, 0.1635926267699102, -0.07464245300792373, 0.26612920445282406, -0.22244159573240108, -0.22123936299441124, -0.10306680506584603, -0.18231173610339751, 0.11916053394500217, -0.0523871809016049, 0.1475935278142064, -0.29839136656216125, -0.11095126348648475, 0.3234545803179866, 0.1653130015704527, 0.1515192465337852, -0.34521427836986107, 0.033271955314509924, -0.08673973631715202, 0.513187603040852], [0.2495931923345525, 0.12429628018841207, 0.23951609574614446, 0.07488983895940789, -0.26163309647046895, -0.09264041753233498, 0.19155553045418866, 0.02773785152577363, 0.3602593967920921, -0.3698822237716333, 0.15995152252023548, -0.17498422652634374, 0.304019744370757, 0.06521708117660266, 0.1088974862702342, 0.16245294826903975, 0.12245068950104764, -0.11732827928769766, 0.1283165674811908, -0.49175237277107997], [0.2819022030881037, -0.05394291226479071, 0.4883983678806864, -0.04448495152871043, 0.15086347492206592, 0.25197520249527733, -0.0003418854402056984, 0.23240865352400525, -0.2292323926680656, 0.36598266012080405, 0.1647878855522771, 0.10641619217244372, -0.008602925394670134, 0.44209560916461094, 0.14403141671785988, 0.17063841976510002, 0.10144764673423919, -0.2295862400081775, -0.0529702980634455, 0.02610778961438345], [0.3193465407219981, -0.052129478996154804, 0.1654720432390825, -0.053635601619197504, 0.07760278291661449, 0.39485340192564405, 0.425838266030808, -0.11318695913936916, 0.0538427127496517, 0.0036879728691999614, -0.05892139296864939, -0.14859254512897496, -0.24465323954614274, -0.33809012293130164, 0.17492217136945665, 0.08473434668490334, -0.10027300683019857, 0.4939228829612712, -0.11597207085193992, 0.033100941591389835], [0.26811979001967884, -0.09926513829624711, -0.12642647854151012, -0.17582297101812805, -0.17953681605505234, 0.2941323994549263, -0.1471169501871207, -0.1682616355083605, 0.03533451360026624, -0.22225108665682533, 0.36349420894235984, 0.2042415493062802, -0.13323057801902072, 0.2742773942796108, -0.5297109406296765, -0.24778881540407213, -0.0018553000297211117, 0.15249084486053255, -0.11763864142788379, -0.07812937946319488], [0.1265497317172628, -0.32684534043892255, -0.36718130906151525, -0.015706443960054522, -0.41589416803865725, 0.10463954043126801, 0.003934466642416062, -0.026930284419121618, -0.34861397086973367, 0.03475865916228167, 0.22383423962424773, 0.11368258804301587, 0.3234501243169148, -0.17636818703820664, 0.27392315571516607, 0.2533923981303186, 0.2747658958606204, 0.026176263674159997, 0.02176364845508452, 0.14157165549309111], [0.04617244975187907, -0.4539419844117297, 0.15615009956439924, 0.1863538672205284, -0.162739117353345, 0.36077048243346016, -0.33710723847563573, 0.2227234181514186, 0.32469941735978614, -0.05576917856289279, -0.3102436252179747, -0.22273992364758066, 0.1527850660173672, -0.1211466571973378, -0.018619259929213636, -0.23131016895629616, -0.03377808890707492, -0.16586555596270267, -0.06729146182293645, 0.18262626699297207], [0.024143515399796492, -0.39781246898263506, -0.0005954710838154686, 0.3476598625813727, -0.09284694740424486, -0.3726427159351038, -0.012425770879964493, 0.3246492954999333, -0.0829498711878905, -0.011744504412097331, -0.1354350125047301, 0.023385862132558173, -0.3324342608677345, 0.14666860185837607, -0.17472146674226086, 0.25298516810249794, 0.10384738809830998, 0.3254525187711006, -0.18955961996343934, -0.24932298599177077], [0.024981270958613452, -0.11723195852035774, 0.0019472639325805487, 0.11037480202393551, -0.047964985090229784, -0.031430402484492026, -0.007023922646113019, 0.07378777171409365, 0.33519479575915295, 0.01939014970439932, 0.3126473330878835, 0.5219059834247272, -0.3904988105811772, -0.33299876629553943, 0.17194157472947497, 0.10757486656404261, -0.24009076056988546, -0.3428682835661046, 0.045556525548284696, 0.002570683007304713]], "name": "KA.HA3.31.tiff"}, {"eigenvalue": [21788.73956208253, 12638.800570917667, 5226.859159025586, 3664.086922694443, 2224.292568898872, 1317.1553076159541, 1168.2992918019954, 887.0026079177266, 664.9730154086119, 439.3889098788357, 426.5272145948413, 199.3104421021813, 132.81479760178485, 81.30373737756362, 64.38632270978792, 49.242385738385565, 27.041102890322126, 15.602724805584973, 4.675987516257607, 2.1598796114563114e-12], "eigenvector": [[-0.012192878082134737, 0.13713290307595716, 0.020708025806287212, -0.07591075801767042, 0.0014528961106541434, -0.0627796500644272, 0.09212498761828743, -0.011386116739423958, 0.02356961228788517, -0.14640598571621563, 0.0882516673482127, -0.00029659824730038207, 0.08577293524969959, -0.36037538376228806, 0.13807320338651477, -0.35880046816355465, 0.025262065090380537, 0.240735934165255, -0.2790931775399787, -0.7148437143365363], [-0.030661325031252906, 0.13717824284324254, -0.03533302712860773, -0.07045677797227942, 0.041365199990365024, -0.027003219500176562, 0.06879273926238305, -0.0547989217673325, 0.24949812135400806, -0.22504930814450322, -0.03333775369827354, -0.06732419322037246, 0.06639804418243878, -0.4460424147117161, -0.04558365421205377, -0.4409691973446778, -0.26144029754515025, -0.3022338250033664, 0.47534753227299154, 0.24447398724181388], [-0.11817800603509357, -0.26188313475769004, -0.15770821179578026, 0.014856232678314145, 0.01446731810903101, 0.10281134419960726, -0.2982606559942392, 0.38930425553140047, 0.14474162630027296, -0.46644899238990334, -0.012255385297614895, -0.284572755682606, 0.11830352371557665, 0.21092010909099768, 0.3890947938225624, 0.012653094361423131, 0.2237746735564255, -0.1673626643701712, 0.1273670737004456, -0.1306125386771016], [0.11917758565429777, -0.19832179980983228, 0.23820472856350017, 0.3013773867701312, 0.10074259928282968, -0.029666344652176393, 0.06189027417823674, 0.0852667556119782, 0.36741342978943897, 0.22905816391819805, 0.2572452599660043, -0.013930415679116272, -0.04456605083986699, 0.1252794902736005, 0.09931984689637934, 0.21713606269433092, -0.5080780862658842, -0.046763526967145294, 0.2551742211211857, -0.3504258368885974], [0.2138574882461578, -0.25602630882943905, 0.22753328595648245, -0.0686183259415801, 0.055705287233435916, -0.10423263379789932, 0.2715478904519575, -0.09912273509214793, 0.1442274989294447, -0.4932466506524459, -0.3402345556756004, -0.28646648978638173, -0.27248002706758784, -0.06524448245949033, -0.2022397242039523, 0.20283175820399169, -0.09005375183337812, 0.3058496988313348, -0.08210131833267287, 0.06204778300108328], [0.26553364168316324, -0.26630306704659323, 0.36061130450388057, -0.4507687086435958, 0.009580618303612193, 0.08429621011044676, 0.15318973080982023, 0.14880717453952266, -0.18513928316721695, -0.13745531073152814, 0.17715102474209696, 0.3265733975366227, 0.29527505374727314, 0.0051706461511934615, -0.21875856473953328, 0.07790005686214621, 0.12675086704990024, -0.3125896274505252, 0.09671826066301818, -0.13061326437105303], [0.31439193334237836, -0.1909326414967666, 0.03267285008930975, -0.48419169253297306, 0.0031514448262233968, -0.14114802444962868, -0.261524826381554, -0.06996264325574703, 0.06009630448325492, 0.3261247953494513, -0.143321001778369, 0.016037859838376203, -0.1493748202558276, -0.20644740327832262, 0.5453669091333267, 0.01694673175776254, -0.03319946874798123, 0.1548179937456527, 0.05644486054820855, 0.11958717549894285], [0.3413915186034215, 0.00342707764738151, -0.15233789220417854, -0.007958222137249595, 0.24578449711774703, -0.43680283873346704, -0.4015525327911211, 0.18854344520396543, -0.04701361288129707, 0.06752468114740877, -0.1592281708056248, -0.07366466922277959, 0.12121799431694157, 0.2635631158761514, -0.4144335384236276, -0.30407439936345404, -0.11801535329933452, 0.062321694071603276, 0.007562783040126031, -0.0915184560374227], [0.2254826873952256, 0.17374592727626637, -0.04359615826037343, 0.3114761948225898, 0.08977300138983105, 0.07603349672264624, -0.32021658129612474, -0.18806172524847578, -0.20786644476540878, -0.17617023859996545, -0.3266594948416893, 0.17078756680307375, 0.3163143853629675, -0.3411393163682653, 0.07056069296420034, 0.4484671709089219, -0.07899875579533046, -0.08421620949613036, 0.08141549793232558, -0.1252692471091573], [0.33525346697743985, 0.2573744016480231, 0.21195324307808258, 0.06876701929276031, 0.016329557744031206, 0.5151346823453643, 0.16749165392929466, 0.3462251530412076, -0.14112289274662546, 0.25141030312571616, -0.19641498253137837, -0.4148855832760727, 0.1535204545259046, 0.015697930133287803, 0.03599722955766843, -0.14906922635569386, 0.012464911234231157, 0.11113099570562517, 0.05104519392344459, 0.04335396379656084], [0.26767227167723595, 0.27891765509924665, 0.16576312508267912, 0.17206702444532385, -0.01932219469515614, 0.14498154298209456, -0.11188897188083499, 0.18323854620982474, 0.02210809366555888, -0.28055526225892846, -0.014816394524401647, 0.5423067162964272, -0.5007543040184436, 0.178955830850196, 0.15623878113975753, -0.2045040115592006, 0.0076767438785204575, 0.028974548989535984, 0.013962817975002997, 0.04859496004966478], [0.2358606770890323, 0.1628773059375634, -0.026035098316009725, 0.03941778960469725, 0.5778423096646399, -0.038688508239002384, -0.03567975014361134, -0.05373332877577716, -0.026830833902346734, -0.060235853969801564, 0.5452105692420367, -0.2507674047531209, -0.20627890430094648, -0.20415346818497251, 0.007598823867567292, 0.15174533999164094, 0.24715205820583439, -0.12325994275215194, -0.11784115256861893, 0.11868222830131696], [0.252667623170748, 0.03125813293855137, -0.46855363338572725, -0.08782404091983921, 0.14341141700138868, 0.1266496430987867, 0.31930514903222407, -0.20401307610851124, 0.030955153157648116, -0.18301529725572213, 0.1826939027789974, 0.17352902745657098, 0.33868692596300426, 0.2885964880556852, 0.17114223936849854, -0.022504535235545395, -0.11635310463053457, 0.3874225630897111, 0.17404104910146048, 0.0899037523160262], [0.2692718245585026, -0.06347456117171696, -0.3603854441425275, -0.1325020670343158, -0.1487757318990317, 0.3428841230168393, -0.024750085727418037, -0.4014143679673124, 0.06301727447083462, 0.0508374831902396, -0.10846743843543666, -0.15444306914939143, -0.3087461895315618, 0.15446309277089884, -0.13575450156377908, -0.04409092584950043, -0.01774895761760718, -0.44102270072050875, -0.057202868500047147, -0.30783332515510037], [0.3200602849451368, -0.0661741027544645, -0.31870565598873696, 0.2505894142909587, -0.33513246164783056, -0.420609950583114, 0.42294884271813965, 0.3269498335638862, -0.1744102188268326, 0.05820587919731584, 0.0050940439019169954, -0.013417009634409189, -0.0861161022343673, -0.17438008623984563, 0.13272868202637364, 0.0759898810171723, 0.09883831710730097, -0.2204670820133351, -0.007805499172306163, 0.011890667969685603], [0.31276802483050714, -0.09251652501047562, 0.1161070347567001, 0.23006303962243463, -0.36353502709232866, 0.04603148102373943, -0.17706229853615227, -0.14758119782148835, 0.5544087477966134, 0.023779985526783436, 0.17170185486509715, 0.030697492387645606, 0.28100703224146906, -0.08575591591602422, -0.10825576570927357, -0.09515354025897016, 0.31102281972045015, 0.06984239875486051, -0.23400986760028158, 0.194870236290153], [0.08021050574315036, -0.3661570636195677, 0.2549286625591692, 0.34091179021668705, -0.09635884549940478, -0.0371134302886781, -0.08135900615082296, -0.39012502673354177, -0.513953622532172, -0.06854212770487814, 0.16793915095956344, -0.14880039707628334, -0.005206421248016992, 0.0772643398668319, 0.16142728291312, -0.35904118513528716, 0.017819064992665834, 0.04865750745530202, 0.15482697835636003, 0.04463622971198897], [-0.027440493570612234, -0.47629322079063374, -0.32166664044038273, 0.08072402729154762, 0.019165011322773824, 0.38160326368518993, -0.1694432536421624, 0.29531720354404806, -0.11567330709769655, 0.04066193742868793, 0.1434917559160731, 0.15733841963148518, -0.14597545754146005, -0.3821902047148077, -0.2523649678241347, -0.04363774282260263, -0.19435755660209914, 0.22534329382793908, -0.09973081316878152, 0.09297416187220978], [-0.06376766458974847, -0.31892070085771596, -0.007215089506915355, 0.24245480564142166, 0.5302193203512103, 0.04336428091539278, 0.2716498561731809, -0.05135936841778303, 0.18189107590684295, 0.20493615921154365, -0.4067899874412936, 0.24308322124882634, 0.05857658405244295, -0.007420721564141031, 0.11001710671104217, -0.20781764923458668, 0.28968800417994267, -0.15840646253033502, -0.09163310611170555, -0.010253230740128433], [0.026991867114396172, -0.013936117001016386, 0.05156219231302303, -0.019897685936889505, 0.061280505848380656, 0.0028314817472121115, 0.02885003831611988, 0.021104678031211372, -0.05185793679977445, -0.14073802754282128, 0.007598657508876042, -0.023274299099735333, 0.18895176522569215, 0.08540564336698525, 0.22363722303772798, -0.10033717273153557, -0.5231434006461394, -0.2993312404066007, -0.6644270876779745, 0.2450838887303171]], "name": "KA.HA4.32.tiff"}, {"eigenvalue": [21453.114132293438, 17263.216558055134, 4961.64692502019, 3336.66886567829, 2447.8273049322456, 944.4823350651559, 530.961560572388, 469.28711792518806, 402.98844551748374, 298.4985679831651, 221.93319330198298, 162.26439617895858, 117.58651813100087, 84.0341796519747, 43.85341873977273, 27.998692331354967, 23.951259859968093, 5.093435821208631, 1.7062508358227544, -5.764260498326436e-14], "eigenvector": [[-0.10936618191436376, 0.022974085370539552, 0.3044608251516283, -0.03620336940357949, 0.10579599716981625, -0.27961904673995136, 0.05785459579851377, -0.6139585919467749, 0.045485633956607575, -0.018754580559180084, 0.04990805060866712, -0.0757341359713312, 0.13884560503330098, -0.3629233713215993, 0.1412414119683874, -0.08635547598078833, 0.14052924955710416, -0.20237060880411126, -0.4166361987011099, 0.022341773924429903], [-0.10757406654705015, 0.16873884421421545, 0.10258935460196433, -0.005006282310863419, 0.11454909661372936, -0.385255350663375, -0.03686709873642516, 0.2759062705636819, 0.14311280161260317, 0.44879881311554914, -0.14566003276864206, -0.23347990379837666, 0.28255245484655656, 0.4146433490357916, 0.2287645129490283, 0.09729095947984762, -0.18866548042127365, -0.11949625009391429, -0.20982224652684525, -0.07269297595752877], [-0.02496585844524854, 0.14588862744716038, 0.10001030086177151, -0.17325547533807856, 0.11716051891162226, -0.1658143752510727, 0.2837852205111822, 0.26145785100576713, 0.13117346599836954, -0.4218729207045956, 0.01859532899997305, 0.3356363596987942, -0.02648578313824301, 0.09338203109776648, 0.19925912082203384, -0.31560341460220254, -0.12364681446747619, 0.38828955559368045, -0.3055577537897724, 0.17782964208958768], [0.1181191138151586, 0.16663188338355076, -0.14761846151670538, 0.005543011726357095, 0.108854958715009, -0.18867547421239395, 0.1122536628618953, -0.241301044731361, -0.20642415612694937, -0.02699771904361693, -0.233411858955297, 0.2161918065461832, -0.12963747743920478, 0.42321127410165016, -0.35986545244947316, -0.4182424391181956, 0.12148410595895817, -0.2635882736347198, 0.012546542156447231, -0.2981390881423981], [0.2406931553459623, 0.17561977223732586, -0.06024058762760211, 0.2256471141426696, 0.04848534845580782, -0.06611394324454131, -0.06658149032988284, -0.24436409753522847, 0.38379227831059, 0.058062736605713, 0.25666243950051043, 0.18661062498169656, 0.5062558645748637, -0.04807536124168685, -0.05225964094345581, -0.17665247811147455, -0.2116458881795117, 0.20480307431644082, 0.3794760551977812, -0.10563838542526538], [0.32457532057255456, 0.19242042378056787, 0.07057132848669839, 0.449149027781952, -0.12740300117864642, -0.36910336194390353, -0.24858239006750324, 0.05118025190283634, -0.009142920343337803, -0.47774515997846834, -0.26694149245355697, -0.12414650288059656, -0.06719812153763788, -0.01644749197787293, -0.0712566404897414, 0.31737000213128735, -0.012266157995721588, -0.013571714627398418, -0.03665904870003367, 0.08227165317737449], [0.3264092403355244, -0.02255883182699171, 0.3750809940835936, 0.3726706521574494, 0.1900278012863114, 0.013644026546593642, 0.12125954630812107, 0.23668138101051794, -0.2540483014525242, 0.3134049742981779, 0.38711377631077126, -0.031750864405029194, -0.08666564816642869, -0.0478588352431533, -0.28230958230899406, -0.1216622876537652, 0.15011473388351382, 0.13957097176420047, -0.1980480776198783, 0.08480863818950517], [0.2934465793652751, -0.24148738371523482, 0.14863628693897402, 0.13313818443030542, 0.26747826256374957, 0.3527528575985685, 0.44798492524947797, -0.2953293599063752, 0.14228008729392103, -0.04812770910066269, -0.24367568345383883, -0.04035668547831879, 0.008083670631736435, 0.3485269137549193, 0.17860328218274904, 0.28855484155426325, -0.06053315683132393, 0.02253988249538985, 0.004220840830203149, 0.08607783368923305], [0.22496339185865522, -0.38951790144632537, -0.2213223124625207, 